# {'date': u'2018_mar_20_1512', 'frameRate': 99.785770663138521, 'expName': u'RNGT_HDtDCS', u'session': u'stimulation', u'participant': u'040'}
subj,trial,time,stimulus,response
040,0,0.0001485412,stimulus,
040,0,0.3048286817,tap,rctrl
040,1,0.7501775266,stimulus,
040,1,0.8497216257,tap,lctrl
040,2,1.5002332423,stimulus,
040,2,1.5528383498,tap,rctrl
040,3,2.2502908556,stimulus,
040,3,2.4014365530,tap,rctrl
040,4,3.0003287281,stimulus,
040,4,3.1211167558,tap,rctrl
040,5,3.7503745402,stimulus,
040,5,3.8251953509,tap,lctrl
040,6,4.5004294258,stimulus,
040,6,4.6093467612,tap,lctrl
040,7,5.2504850843,stimulus,
040,7,5.3614098022,tap,rctrl
040,8,6.0005341144,stimulus,
040,8,6.0975409929,tap,rctrl
040,9,6.7505963081,stimulus,
040,9,6.8328823149,tap,lctrl
040,10,7.5006604086,stimulus,
040,10,7.5691738210,tap,lctrl
040,11,8.2507144461,stimulus,
040,11,8.3054833056,tap,rctrl
040,12,9.0007744594,stimulus,
040,12,9.0573980460,tap,rctrl
040,13,9.7508118958,stimulus,
040,13,9.7771322055,tap,lctrl
040,14,10.5008730098,stimulus,
040,14,10.5134423338,tap,lctrl
040,14,11.2330869644,tap,rctrl
040,15,11.2509161212,stimulus,
040,16,12.0009767571,stimulus,
040,16,12.1451827059,tap,rctrl
040,17,12.7510348878,stimulus,
040,17,12.9127084041,tap,rctrl
040,18,13.5010689919,stimulus,
040,18,13.5845656373,tap,lctrl
040,19,14.2511162716,stimulus,
040,19,14.3530967636,tap,lctrl
040,20,15.0011665979,stimulus,
040,20,15.1050292028,tap,lctrl
040,21,15.7512241090,stimulus,
040,21,15.8247279435,tap,rctrl
040,22,16.5012614732,stimulus,
040,22,16.5610369500,tap,rctrl
040,23,17.2513064914,stimulus,
040,23,17.2963279783,tap,rctrl
040,24,18.0013519606,stimulus,
040,24,18.0326514717,tap,lctrl
040,25,18.7514169423,stimulus,
040,25,18.7689479040,tap,lctrl
040,25,19.4886321879,tap,rctrl
040,26,19.5014537741,stimulus,
040,26,20.2249378561,tap,rctrl
040,27,20.2514911473,stimulus,
040,27,20.9768469244,tap,rctrl
040,28,21.0015378046,stimulus,
040,29,21.7515803295,stimulus,
040,29,21.8567248918,tap,rctrl
040,30,22.5016320272,stimulus,
040,30,22.5930277330,tap,lctrl
040,31,23.2516809190,stimulus,
040,31,23.3126953496,tap,lctrl
040,32,24.0017307641,stimulus,
040,32,24.0324261769,tap,rctrl
040,33,24.7518024614,stimulus,
040,33,24.7843603454,tap,rctrl
040,34,25.5018371279,stimulus,
040,34,25.5362754407,tap,rctrl
040,35,26.2518812709,stimulus,
040,35,26.3204283096,tap,lctrl
040,36,27.0019284333,stimulus,
040,36,27.0567093107,tap,lctrl
040,37,27.7519699598,stimulus,
040,37,27.7764137114,tap,rctrl
040,37,28.4804922734,tap,rctrl
040,38,28.5020077932,stimulus,
040,39,29.2520760469,stimulus,
040,39,29.2645932427,tap,rctrl
040,40,30.0021274950,stimulus,
040,40,30.0165708088,tap,lctrl
040,41,30.7521794574,stimulus,
040,41,30.8007031428,tap,lctrl
040,42,31.5022355610,stimulus,
040,42,31.5047803635,tap,rctrl
040,43,32.2522967953,stimulus,
040,43,32.3681128066,tap,rctrl
040,44,33.0023608507,stimulus,
040,44,33.1043130846,tap,lctrl
040,45,33.7524095229,stimulus,
040,45,33.8406505837,tap,lctrl
040,46,34.5024682821,stimulus,
040,46,34.5759430466,tap,rctrl
040,47,35.2525017155,stimulus,
040,47,35.2800164418,tap,rctrl
040,48,36.0025487577,stimulus,
040,48,36.0319699452,tap,lctrl
040,49,36.7526079530,stimulus,
040,49,36.7838537720,tap,lctrl
040,50,37.5026586312,stimulus,
040,50,37.5045960482,tap,rctrl
040,50,38.2398720994,tap,rctrl
040,51,38.2527033546,stimulus,
040,52,39.0027625018,stimulus,
040,52,39.0406005731,tap,lctrl
040,53,39.7528151919,stimulus,
040,53,39.8081790372,tap,lctrl
040,54,40.5028704174,stimulus,
040,54,40.5601058435,tap,rctrl
040,55,41.2529270624,stimulus,
040,55,41.3599496174,tap,lctrl
040,56,42.0029945282,stimulus,
040,56,42.1283703641,tap,rctrl
040,57,42.7530543219,stimulus,
040,57,42.8159135009,tap,lctrl
040,57,43.4877045610,tap,rctrl
040,58,43.5031057039,stimulus,
040,59,44.2531536092,stimulus,
040,59,44.3363534399,tap,lctrl
040,60,45.0032024347,stimulus,
040,60,45.0882052673,tap,rctrl
040,61,45.7532457356,stimulus,
040,61,45.8557994153,tap,lctrl
040,62,46.5032855148,stimulus,
040,62,46.5920776194,tap,rctrl
040,63,47.2533461447,stimulus,
040,63,47.3597778372,tap,lctrl
040,64,48.0033981762,stimulus,
040,64,48.1115455131,tap,rctrl
040,65,48.7534360125,stimulus,
040,65,48.7843687074,tap,lctrl
040,66,49.5034876291,stimulus,
040,66,49.5040837365,tap,rctrl
040,67,50.2535180611,stimulus,
040,67,50.2715989177,tap,lctrl
040,67,50.9923127043,tap,rctrl
040,68,51.0035742790,stimulus,
040,69,51.7536436334,stimulus,
040,69,51.9033825370,tap,lctrl
040,70,52.5038431235,stimulus,
040,70,52.6564256411,tap,rctrl
040,71,53.2537564813,stimulus,
040,71,53.4238615909,tap,lctrl
040,72,54.0038138210,stimulus,
040,72,54.1279394492,tap,rctrl
040,73,54.7538689893,stimulus,
040,73,54.8955011437,tap,lctrl
040,74,55.5039190630,stimulus,
040,74,55.5995579558,tap,rctrl
040,75,56.2539652961,stimulus,
040,75,56.3514582634,tap,lctrl
040,76,57.0040073730,stimulus,
040,76,57.0399095341,tap,rctrl
040,77,57.7540724148,stimulus,
040,77,57.7752476892,tap,lctrl
040,78,58.5041148225,stimulus,
040,78,58.5593811811,tap,rctrl
040,79,59.2541705532,stimulus,
040,79,59.3435387266,tap,lctrl
040,80,60.0042303048,stimulus,
040,80,60.0798047355,tap,rctrl
040,81,60.7542744779,stimulus,
040,81,60.8151388756,tap,lctrl
040,82,61.5043451647,stimulus,
040,82,61.6637864854,tap,rctrl
040,83,62.2543937948,stimulus,
040,83,62.3678335593,tap,lctrl
040,84,63.0044339378,stimulus,
040,84,63.1197404863,tap,rctrl
040,85,63.7544776447,stimulus,
040,85,63.8716768173,tap,lctrl
040,86,64.5045443045,stimulus,
040,86,64.5913999966,tap,rctrl
040,87,65.2545883182,stimulus,
040,87,65.3277491766,tap,lctrl
040,88,66.0046228493,stimulus,
040,88,66.0317458156,tap,rctrl
040,89,66.7546665923,stimulus,
040,89,66.7993101596,tap,lctrl
040,90,67.5047135714,stimulus,
040,90,67.5512662796,tap,rctrl
040,90,68.2396595815,tap,lctrl
040,91,68.2547592812,stimulus,
040,92,69.0048173878,stimulus,
040,92,69.0394584301,tap,rctrl
040,93,69.7548721922,stimulus,
040,93,69.7757687538,tap,rctrl
040,93,70.4954650194,tap,lctrl
040,94,70.5049063264,stimulus,
040,95,71.2549505115,stimulus,
040,95,71.3755819351,tap,lctrl
040,96,76.7439943688,probe1,1
040,97,77.5067426839,stimulus,
040,97,77.5196132887,tap,rctrl
040,98,78.2567621568,stimulus,
040,98,78.3350096879,tap,lctrl
040,99,79.0068171356,stimulus,
040,99,79.1513886314,tap,rctrl
040,100,79.7568566110,stimulus,
040,100,79.8866767876,tap,lctrl
040,101,80.5069198153,stimulus,
040,101,80.6229789822,tap,rctrl
040,102,81.2569722708,stimulus,
040,102,81.3270877270,tap,lctrl
040,103,82.0070162604,stimulus,
040,103,82.0633612786,tap,rctrl
040,104,82.7570757384,stimulus,
040,104,82.7987139116,tap,lctrl
040,105,83.5071385517,stimulus,
040,105,83.5349748078,tap,rctrl
040,106,84.2571959786,stimulus,
040,106,84.4314275711,tap,lctrl
040,107,85.0072447471,stimulus,
040,107,85.1833767287,tap,rctrl
040,108,85.7573088896,stimulus,
040,108,85.9187042195,tap,lctrl
040,109,86.5073613211,stimulus,
040,109,86.6872095328,tap,rctrl
040,110,87.2574118098,stimulus,
040,110,87.4225594531,tap,rctrl
040,111,88.0074603858,stimulus,
040,111,88.1265749217,tap,lctrl
040,112,88.7575264802,stimulus,
040,112,88.8628952542,tap,rctrl
040,113,89.5075922408,stimulus,
040,113,89.6148266589,tap,lctrl
040,114,90.2576585427,stimulus,
040,114,90.4146065696,tap,lctrl
040,115,91.0077109171,stimulus,
040,115,91.1030701768,tap,rctrl
040,116,91.7577734747,stimulus,
040,116,91.8227912599,tap,rctrl
040,117,92.5078394067,stimulus,
040,117,92.5268203343,tap,lctrl
040,118,93.2579023102,stimulus,
040,118,93.2787404430,tap,lctrl
040,119,94.0079636468,stimulus,
040,119,94.1743774162,tap,rctrl
040,120,94.7580218376,stimulus,
040,120,94.8948939860,tap,lctrl
040,121,95.5080850147,stimulus,
040,121,95.6302019914,tap,rctrl
040,122,96.2581172361,stimulus,
040,122,96.3508963979,tap,rctrl
040,123,97.0081820133,stimulus,
040,123,97.0705906636,tap,lctrl
040,124,97.7582423905,stimulus,
040,124,97.8069173659,tap,lctrl
040,125,98.5083030594,stimulus,
040,125,98.5910367077,tap,rctrl
040,126,99.2583391725,stimulus,
040,126,99.3429763408,tap,rctrl
040,127,100.0084083586,stimulus,
040,127,100.0949120522,tap,lctrl
040,128,100.7584481798,stimulus,
040,128,100.8468070727,tap,rctrl
040,129,101.5084987347,stimulus,
040,129,101.5821465962,tap,lctrl
040,130,102.2585326012,stimulus,
040,130,102.3028210754,tap,rctrl
040,131,103.0085992700,stimulus,
040,131,103.0859907865,tap,lctrl
040,132,103.7586511903,stimulus,
040,132,103.8222837903,tap,rctrl
040,133,104.5087141930,stimulus,
040,133,104.6220745548,tap,lctrl
040,134,105.2587489798,stimulus,
040,134,105.3905803343,tap,rctrl
040,135,106.0087915409,stimulus,
040,135,106.1424959318,tap,lctrl
040,136,106.7588555421,stimulus,
040,136,106.9100349531,tap,rctrl
040,137,107.5089020730,stimulus,
040,137,107.6141160534,tap,lctrl
040,138,108.2589317080,stimulus,
040,138,108.3660500565,tap,rctrl
040,139,109.0089659715,stimulus,
040,139,109.1345704372,tap,lctrl
040,140,109.7590146136,stimulus,
040,140,109.8542678666,tap,rctrl
040,141,110.5090565371,stimulus,
040,141,110.5739896294,tap,lctrl
040,142,111.2591109055,stimulus,
040,142,111.2946675100,tap,lctrl
040,143,112.0091846628,stimulus,
040,143,112.0465815347,tap,lctrl
040,144,112.7592433378,stimulus,
040,144,112.7985099530,tap,rctrl
040,145,113.5092991257,stimulus,
040,145,113.5338043496,tap,rctrl
040,146,114.2593427033,stimulus,
040,146,114.3824218307,tap,lctrl
040,147,115.0094164186,stimulus,
040,147,115.1343763627,tap,rctrl
040,148,115.7594452656,stimulus,
040,148,115.8540336126,tap,lctrl
040,149,116.5094871079,stimulus,
040,149,116.6215836382,tap,rctrl
040,150,117.2595427394,stimulus,
040,150,117.3744794612,tap,lctrl
040,151,118.0095982956,stimulus,
040,151,118.1264183846,tap,rctrl
040,152,118.7596653795,stimulus,
040,152,118.8783258860,tap,rctrl
040,153,119.5097056729,stimulus,
040,153,119.5824019488,tap,lctrl
040,154,120.2597609435,stimulus,
040,154,120.3499611772,tap,lctrl
040,155,121.0098288153,stimulus,
040,155,121.0862713776,tap,lctrl
040,156,121.7598779085,stimulus,
040,156,121.8381716913,tap,lctrl
040,157,122.5099472299,stimulus,
040,157,122.5735100178,tap,lctrl
040,158,123.2599840257,stimulus,
040,158,123.3255678288,tap,lctrl
040,159,124.0100411759,stimulus,
040,159,124.1095740603,tap,lctrl
040,160,124.7600826032,stimulus,
040,160,124.8615017628,tap,lctrl
040,161,125.5101556929,stimulus,
040,161,125.6622482602,tap,rctrl
040,162,126.2601987231,stimulus,
040,162,126.3975777930,tap,rctrl
040,163,127.0102476871,stimulus,
040,163,127.0859957049,tap,lctrl
040,164,127.7602985186,stimulus,
040,164,127.7901491435,tap,lctrl
040,165,128.5103440841,stimulus,
040,165,128.5576720298,tap,rctrl
040,166,129.2603949277,stimulus,
040,166,129.3095915069,tap,rctrl
040,167,130.0104426285,stimulus,
040,167,130.0781103117,tap,rctrl
040,168,130.7604763958,stimulus,
040,168,130.8612875745,tap,rctrl
040,169,131.5105300333,stimulus,
040,169,131.5819506434,tap,lctrl
040,170,132.2605760890,stimulus,
040,170,132.3494891534,tap,rctrl
040,171,133.0106467096,stimulus,
040,171,133.0379384933,tap,lctrl
040,172,133.7606771807,stimulus,
040,172,133.9334299538,tap,lctrl
040,173,134.5107178290,stimulus,
040,173,134.6531571150,tap,lctrl
040,174,135.2607636893,stimulus,
040,174,135.3415786750,tap,lctrl
040,175,136.0108357144,stimulus,
040,175,136.0456434268,tap,lctrl
040,176,136.7609080222,stimulus,
040,176,136.7819791455,tap,lctrl
040,177,137.5109665709,stimulus,
040,177,137.5339005474,tap,lctrl
040,178,138.2610200039,stimulus,
040,178,138.2857819231,tap,lctrl
040,179,139.0110697467,stimulus,
040,179,139.0377043866,tap,lctrl
040,180,139.7611192219,stimulus,
040,180,139.7896824189,tap,lctrl
040,181,140.5111450706,stimulus,
040,181,140.5572024992,tap,lctrl
040,182,141.2611889068,stimulus,
040,182,141.3091284965,tap,lctrl
040,183,142.0112375850,stimulus,
040,183,142.0454022315,tap,lctrl
040,184,142.7612817851,stimulus,
040,184,142.7973600808,tap,lctrl
040,185,143.5113298318,stimulus,
040,185,143.5492629868,tap,lctrl
040,186,144.2613829370,stimulus,
040,186,144.4457288295,tap,rctrl
040,187,145.0114448931,stimulus,
040,187,145.1976618251,tap,lctrl
040,188,145.7615021907,stimulus,
040,188,145.9017611566,tap,rctrl
040,189,146.5115398436,stimulus,
040,189,146.6849015450,tap,rctrl
040,190,147.2615840708,stimulus,
040,190,147.3889613254,tap,lctrl
040,191,148.0116136697,stimulus,
040,191,148.1408694374,tap,rctrl
040,192,148.7616635750,stimulus,
040,192,148.8449635840,tap,lctrl
040,193,149.5118738678,stimulus,
040,193,149.5490338665,tap,rctrl
040,194,150.2619274783,stimulus,
040,194,150.2853313935,tap,rctrl
040,195,151.0119640485,stimulus,
040,195,151.0206302112,tap,rctrl
040,195,151.6768771691,tap,lctrl
040,196,151.7619988383,stimulus,
040,196,152.4131815862,tap,rctrl
040,197,152.5120651131,stimulus,
040,198,153.2621259805,stimulus,
040,198,153.2775075027,tap,lctrl
040,199,154.0121886585,stimulus,
040,199,154.1406613993,tap,rctrl
040,200,160.0630386995,probe1,1
040,201,160.8257763142,stimulus,
040,201,160.8612406290,tap,rctrl
040,202,161.5758007252,stimulus,
040,202,161.6765031634,tap,lctrl
040,203,162.3258576469,stimulus,
040,203,162.4450114270,tap,rctrl
040,204,163.0759142076,stimulus,
040,204,163.1324907065,tap,lctrl
040,205,163.8259577942,stimulus,
040,205,163.8844081687,tap,rctrl
040,206,164.5760187068,stimulus,
040,206,164.5884771910,tap,lctrl
040,207,165.3260830178,stimulus,
040,207,165.3403975223,tap,rctrl
040,208,166.0761233353,stimulus,
040,208,166.1088978522,tap,lctrl
040,209,166.8261775953,stimulus,
040,209,166.9887684123,tap,rctrl
040,210,167.5762301261,stimulus,
040,210,167.6449870490,tap,lctrl
040,211,168.3262772946,stimulus,
040,211,168.3490770213,tap,rctrl
040,212,169.0763341801,stimulus,
040,212,169.1010047690,tap,lctrl
040,212,169.8207823832,tap,rctrl
040,213,169.8263885755,stimulus,
040,214,170.5764624833,stimulus,
040,214,170.6048455247,tap,lctrl
040,215,171.3265066864,stimulus,
040,215,171.3567566892,tap,rctrl
040,216,172.0765450701,stimulus,
040,216,172.1087118137,tap,lctrl
040,217,172.8266120487,stimulus,
040,217,172.8440284355,tap,rctrl
040,218,173.5766643239,stimulus,
040,218,173.5803315143,tap,lctrl
040,219,174.3266996370,stimulus,
040,219,174.3800885833,tap,rctrl
040,220,175.0767524715,stimulus,
040,220,175.1164391828,tap,lctrl
040,221,175.8268120668,stimulus,
040,221,175.8683404619,tap,rctrl
040,222,176.5768603360,stimulus,
040,222,176.7159452820,tap,lctrl
040,223,177.3269123314,stimulus,
040,223,177.4844582522,tap,rctrl
040,224,178.0769480656,stimulus,
040,224,178.2041553449,tap,lctrl
040,225,178.8269914958,stimulus,
040,225,178.9238752641,tap,rctrl
040,226,179.5770329982,stimulus,
040,226,179.6767604228,tap,lctrl
040,227,180.3271201237,stimulus,
040,227,180.4599630504,tap,rctrl
040,228,181.0771772319,stimulus,
040,228,181.1962370441,tap,lctrl
040,229,181.8272146682,stimulus,
040,229,181.9159385216,tap,rctrl
040,230,182.5772520595,stimulus,
040,230,182.6522799184,tap,lctrl
040,231,183.3273167674,stimulus,
040,231,183.3719341277,tap,rctrl
040,232,184.0773900286,stimulus,
040,232,184.1082309149,tap,lctrl
040,233,184.8274394496,stimulus,
040,233,184.8279245731,tap,rctrl
040,234,185.5775003111,stimulus,
040,234,185.5964873287,tap,lctrl
040,235,186.3275576147,stimulus,
040,235,186.3805802982,tap,rctrl
040,236,187.0776063500,stimulus,
040,236,187.2116296032,tap,lctrl
040,237,187.8276683573,stimulus,
040,237,187.9957942794,tap,rctrl
040,238,188.5777234985,stimulus,
040,238,188.6998623785,tap,lctrl
040,239,189.3277795089,stimulus,
040,239,189.4683869305,tap,rctrl
040,240,190.0778201242,stimulus,
040,240,190.1881457842,tap,lctrl
040,241,190.8278731752,stimulus,
040,241,190.9400069408,tap,rctrl
040,242,191.5779237752,stimulus,
040,242,191.6597409018,tap,lctrl
040,243,192.3279797976,stimulus,
040,243,192.4116260398,tap,rctrl
040,244,193.0780202324,stimulus,
040,244,193.1479030380,tap,lctrl
040,245,193.8280850697,stimulus,
040,245,193.8998481296,tap,rctrl
040,246,194.5781353238,stimulus,
040,246,194.6039329080,tap,lctrl
040,247,195.3281836171,stimulus,
040,247,195.4515414754,tap,rctrl
040,248,196.0782411162,stimulus,
040,248,196.1235349071,tap,lctrl
040,249,196.8282875148,stimulus,
040,249,196.9719882954,tap,rctrl
040,250,197.5783394410,stimulus,
040,250,197.6760603012,tap,lctrl
040,251,198.3284153728,stimulus,
040,251,198.4435983029,tap,rctrl
040,252,199.0784606707,stimulus,
040,252,199.1799179498,tap,lctrl
040,253,199.8285273545,stimulus,
040,253,199.9476648643,tap,rctrl
040,254,200.5785697712,stimulus,
040,254,200.6681298232,tap,lctrl
040,255,201.3286246598,stimulus,
040,255,201.4356955717,tap,rctrl
040,256,202.0786471161,stimulus,
040,256,202.1719815321,tap,lctrl
040,257,202.8286953492,stimulus,
040,257,202.9395952736,tap,rctrl
040,258,203.5787418049,stimulus,
040,258,203.6592631939,tap,lctrl
040,259,204.3287906185,stimulus,
040,259,204.4111599678,tap,rctrl
040,260,205.0788609834,stimulus,
040,260,205.1474807214,tap,lctrl
040,261,205.8289220734,stimulus,
040,261,205.8515462190,tap,rctrl
040,262,206.5789832085,stimulus,
040,262,206.7480093429,tap,lctrl
040,263,207.3290235711,stimulus,
040,263,207.4999123722,tap,rctrl
040,264,210.3511120453,probe1,0
040,265,211.1138796984,stimulus,
040,265,211.3073994148,tap,rctrl
040,266,211.8638977246,stimulus,
040,266,211.9792313433,tap,lctrl
040,267,212.6139468029,stimulus,
040,267,212.7956045636,tap,rctrl
040,268,213.3639883233,stimulus,
040,268,213.4674303989,tap,lctrl
040,269,214.1140554433,stimulus,
040,269,214.2193847806,tap,rctrl
040,270,214.8640841640,stimulus,
040,270,214.9390808747,tap,lctrl
040,271,215.6141332874,stimulus,
040,271,215.7232221860,tap,rctrl
040,272,216.3641674606,stimulus,
040,272,216.4751525531,tap,rctrl
040,273,217.1142118683,stimulus,
040,273,217.2286039402,tap,lctrl
040,274,217.8642664531,stimulus,
040,274,217.9478175726,tap,lctrl
040,275,218.6143227432,stimulus,
040,275,218.6996854207,tap,lctrl
040,276,219.3643797912,stimulus,
040,276,219.4828441245,tap,lctrl
040,277,220.1144204696,stimulus,
040,277,220.2035243840,tap,rctrl
040,278,220.8644890241,stimulus,
040,278,220.9710583287,tap,rctrl
040,279,221.6145337535,stimulus,
040,279,221.7073479461,tap,rctrl
040,280,222.3645801310,stimulus,
040,280,222.5393738798,tap,lctrl
040,281,223.1146142532,stimulus,
040,281,223.2434455969,tap,lctrl
040,282,223.8646811446,stimulus,
040,282,223.9787536895,tap,rctrl
040,283,224.6147440210,stimulus,
040,283,224.7306767124,tap,rctrl
040,284,225.3647884196,stimulus,
040,284,225.4669735146,tap,lctrl
040,285,226.1148412691,stimulus,
040,285,226.1866384035,tap,rctrl
040,286,226.8648789641,stimulus,
040,286,226.9386284986,tap,lctrl
040,287,227.6149329626,stimulus,
040,287,227.6592708823,tap,lctrl
040,288,228.3649969608,stimulus,
040,288,228.4112265511,tap,lctrl
040,289,229.1150309897,stimulus,
040,289,229.1953351563,tap,rctrl
040,290,229.8650737252,stimulus,
040,290,229.9472906778,tap,rctrl
040,291,230.6151255161,stimulus,
040,291,230.6669772744,tap,lctrl
040,292,231.3651827084,stimulus,
040,292,231.4511060746,tap,rctrl
040,293,232.1152301416,stimulus,
040,293,232.1708238104,tap,rctrl
040,294,232.8652796498,stimulus,
040,294,233.0184846143,tap,rctrl
040,295,233.6153181118,stimulus,
040,295,233.7703897068,tap,rctrl
040,296,234.3653722094,stimulus,
040,296,234.5066855195,tap,rctrl
040,297,235.1154378557,stimulus,
040,297,235.2430079122,tap,lctrl
040,298,235.8654892496,stimulus,
040,298,235.9949120693,tap,lctrl
040,299,236.6155454465,stimulus,
040,299,236.7468424906,tap,rctrl
040,300,237.3655920135,stimulus,
040,300,237.4987286151,tap,lctrl
040,301,238.1156425323,stimulus,
040,301,238.2829134562,tap,lctrl
040,302,238.8656764920,stimulus,
040,302,238.9703558854,tap,rctrl
040,303,239.6157281988,stimulus,
040,303,239.6744271724,tap,lctrl
040,304,240.3657775837,stimulus,
040,304,240.4429840665,tap,rctrl
040,305,241.1158235883,stimulus,
040,305,241.1782933140,tap,lctrl
040,306,241.8658820919,stimulus,
040,306,241.9145915899,tap,rctrl
040,307,242.6159189418,stimulus,
040,307,242.7788184709,tap,lctrl
040,308,243.3659834573,stimulus,
040,308,243.5141498382,tap,rctrl
040,309,244.1160369925,stimulus,
040,309,244.2504416842,tap,lctrl
040,310,244.8660804378,stimulus,
040,310,245.0023576666,tap,rctrl
040,311,245.6161295040,stimulus,
040,311,245.7386831088,tap,lctrl
040,312,246.3661846512,stimulus,
040,312,246.4905820571,tap,rctrl
040,313,247.1162282318,stimulus,
040,313,247.2581572731,tap,lctrl
040,314,247.8662773732,stimulus,
040,314,247.9300036132,tap,rctrl
040,315,248.6163169268,stimulus,
040,315,248.7307522369,tap,lctrl
040,316,249.3663627119,stimulus,
040,316,249.4347919727,tap,rctrl
040,317,250.1164231312,stimulus,
040,317,250.2179833615,tap,lctrl
040,318,253.4138941436,probe1,2
040,319,254.1756725458,stimulus,
040,319,254.5059263865,tap,rctrl
040,320,254.9256976546,stimulus,
040,320,255.0341965810,tap,lctrl
040,321,255.6757393044,stimulus,
040,321,255.7705268742,tap,rctrl
040,322,256.4257948697,stimulus,
040,322,256.4745736715,tap,lctrl
040,323,257.1758332324,stimulus,
040,323,257.2577168778,tap,rctrl
040,324,257.9258765754,stimulus,
040,324,257.9940422990,tap,lctrl
040,325,258.6759106735,stimulus,
040,325,258.7303427583,tap,rctrl
040,326,259.4259602479,stimulus,
040,326,259.6102077395,tap,lctrl
040,327,260.1759950197,stimulus,
040,327,260.3142448046,tap,rctrl
040,328,260.9260440437,stimulus,
040,328,261.0339518790,tap,lctrl
040,329,261.6760946558,stimulus,
040,329,261.7858650736,tap,rctrl
040,330,262.4261521819,stimulus,
040,330,262.5544246263,tap,lctrl
040,331,263.1761971790,stimulus,
040,331,263.2741135748,tap,rctrl
040,332,263.9262646328,stimulus,
040,332,264.0104129123,tap,lctrl
040,333,264.6763034255,stimulus,
040,333,264.7779480870,tap,rctrl
040,334,265.4263648674,stimulus,
040,334,265.5299121497,tap,lctrl
040,335,266.1764179936,stimulus,
040,335,266.2983857283,tap,rctrl
040,336,266.9264755167,stimulus,
040,336,266.9858696002,tap,lctrl
040,337,267.6765335482,stimulus,
040,337,267.6899610462,tap,rctrl
040,337,268.4262454727,tap,lctrl
040,338,268.4265873270,stimulus,
040,339,269.1766317347,stimulus,
040,339,269.3539341093,tap,rctrl
040,340,269.9266840489,stimulus,
040,340,270.0902483367,tap,lctrl
040,341,270.6767239694,stimulus,
040,341,270.8255593977,tap,rctrl
040,342,271.4267626238,stimulus,
040,342,271.5941176271,tap,rctrl
040,343,272.1768172598,stimulus,
040,343,272.2815467663,tap,lctrl
040,344,272.9268746055,stimulus,
040,344,273.0178527413,tap,lctrl
040,345,273.6769228326,stimulus,
040,345,273.7854304565,tap,rctrl
040,346,274.4269661876,stimulus,
040,346,274.5373466735,tap,lctrl
040,347,275.1770262009,stimulus,
040,347,275.2414069833,tap,rctrl
040,348,275.9270647861,stimulus,
040,348,275.9933333475,tap,lctrl
040,349,276.6771171906,stimulus,
040,349,276.7140278082,tap,rctrl
040,350,277.4271840820,stimulus,
040,350,277.5137738549,tap,lctrl
040,351,278.1772256295,stimulus,
040,351,278.2813505807,tap,rctrl
040,352,278.9272781513,stimulus,
040,352,279.0977010376,tap,lctrl
040,353,279.6773420893,stimulus,
040,353,279.8340351443,tap,rctrl
040,354,280.4274100965,stimulus,
040,354,280.5537638603,tap,lctrl
040,355,281.1774441464,stimulus,
040,355,281.2890471174,tap,rctrl
040,356,281.9275057176,stimulus,
040,356,282.0575868630,tap,lctrl
040,357,282.6775578724,stimulus,
040,357,282.8094775017,tap,rctrl
040,358,283.4275944096,stimulus,
040,358,283.5458055182,tap,lctrl
040,359,284.1776510786,stimulus,
040,359,284.3133170604,tap,rctrl
040,360,284.9276975373,stimulus,
040,360,285.0330363391,tap,lctrl
040,361,285.6777504079,stimulus,
040,361,285.7693240979,tap,rctrl
040,362,286.4278169835,stimulus,
040,362,286.5212512169,tap,lctrl
040,363,287.1778742631,stimulus,
040,363,287.2409587184,tap,rctrl
040,364,287.9279349260,stimulus,
040,364,287.9928694889,tap,lctrl
040,365,288.6779969303,stimulus,
040,365,288.7770188512,tap,rctrl
040,366,289.4280614608,stimulus,
040,366,289.5934140530,tap,lctrl
040,367,290.1781275732,stimulus,
040,367,290.3130921987,tap,rctrl
040,368,290.9283108711,stimulus,
040,368,291.0327805847,tap,lctrl
040,369,291.6783746527,stimulus,
040,369,291.7691013654,tap,rctrl
040,370,292.4284353668,stimulus,
040,370,292.5210090052,tap,lctrl
040,371,293.1785004056,stimulus,
040,371,293.2895725909,tap,rctrl
040,372,293.9285381637,stimulus,
040,372,294.0571003884,tap,rctrl
040,373,294.6785850315,stimulus,
040,373,294.7768097875,tap,rctrl
040,374,295.4286416133,stimulus,
040,374,295.5453594367,tap,lctrl
040,375,296.1786859427,stimulus,
040,375,296.2972373058,tap,lctrl
040,376,296.9287427772,stimulus,
040,376,296.9847077072,tap,lctrl
040,377,297.6788061649,stimulus,
040,377,297.7210352998,tap,lctrl
040,378,298.4288507409,stimulus,
040,378,298.6174741505,tap,lctrl
040,379,299.1789112475,stimulus,
040,379,299.3371725604,tap,lctrl
040,380,299.9289520612,stimulus,
040,380,300.1213009276,tap,rctrl
040,381,300.6790010672,stimulus,
040,381,300.8253829873,tap,rctrl
040,382,301.4290604520,stimulus,
040,382,301.5284668368,tap,lctrl
040,383,302.1791163180,stimulus,
040,383,302.3126368241,tap,lctrl
040,384,302.9291607828,stimulus,
040,384,303.0333072613,tap,rctrl
040,385,303.6791928809,stimulus,
040,385,303.7374056093,tap,lctrl
040,386,304.4292543709,stimulus,
040,386,304.4893083109,tap,rctrl
040,387,305.1793050762,stimulus,
040,387,305.2724542871,tap,lctrl
040,388,305.9293689089,stimulus,
040,388,305.9609265257,tap,rctrl
040,389,306.6794280681,stimulus,
040,389,306.7284962020,tap,lctrl
040,390,307.4294821297,stimulus,
040,390,307.4647795459,tap,lctrl
040,391,308.1795223029,stimulus,
040,391,308.1844944186,tap,rctrl
040,392,308.9295643105,stimulus,
040,392,309.0809070985,tap,rctrl
040,393,309.6796196623,stimulus,
040,393,309.8484851294,tap,rctrl
040,394,310.4296723224,stimulus,
040,394,310.5691704114,tap,rctrl
040,395,311.1797281584,stimulus,
040,395,311.2888239531,tap,lctrl
040,396,311.9297956242,stimulus,
040,396,312.0408886872,tap,lctrl
040,397,312.6798495293,stimulus,
040,397,312.7604877730,tap,lctrl
040,398,313.4298898739,stimulus,
040,398,313.5290121475,tap,rctrl
040,399,314.1799438573,stimulus,
040,399,314.2643013113,tap,rctrl
040,400,314.9300120719,stimulus,
040,400,315.0006358600,tap,lctrl
040,401,315.6800665215,stimulus,
040,401,315.7847453524,tap,lctrl
040,402,316.4301119787,stimulus,
040,402,316.5200823828,tap,lctrl
040,403,317.1801570961,stimulus,
040,403,317.2407485193,tap,rctrl
040,404,317.9302137260,stimulus,
040,404,317.9604704805,tap,rctrl
040,405,318.6802712913,stimulus,
040,405,318.8403328393,tap,rctrl
040,406,319.4303321918,stimulus,
040,406,319.5600156465,tap,lctrl
040,407,320.1803828399,stimulus,
040,407,320.3441640974,tap,lctrl
040,408,320.9304227364,stimulus,
040,408,321.0482425722,tap,rctrl
040,409,321.6804711830,stimulus,
040,409,321.7845123134,tap,rctrl
040,410,322.4305359150,stimulus,
040,410,322.5521002479,tap,lctrl
040,411,323.1805790234,stimulus,
040,411,323.2561974110,tap,rctrl
040,412,323.9306280475,stimulus,
040,412,323.9758378944,tap,lctrl
040,413,324.6806632012,stimulus,
040,413,324.7287565260,tap,lctrl
040,414,325.4307036210,stimulus,
040,414,325.4963250504,tap,rctrl
040,415,326.1807394453,stimulus,
040,415,326.2482265489,tap,rctrl
040,416,326.9308032781,stimulus,
040,416,326.9845360336,tap,rctrl
040,417,327.6808477279,stimulus,
040,417,327.7520750368,tap,lctrl
040,418,328.4308946287,stimulus,
040,418,328.5684883736,tap,lctrl
040,419,329.1809468497,stimulus,
040,419,329.3526188069,tap,rctrl
040,420,329.9309924723,stimulus,
040,420,330.0879250259,tap,rctrl
040,421,330.6810344710,stimulus,
040,421,330.8242006646,tap,lctrl
040,422,331.4310716126,stimulus,
040,422,331.5439364813,tap,lctrl
040,423,332.1811325041,stimulus,
040,423,332.2958205246,tap,rctrl
040,424,332.9311769960,stimulus,
040,424,333.0321477683,tap,rctrl
040,425,336.3823522464,probe1,0
040,426,337.1441357702,stimulus,
040,426,337.4001911177,tap,rctrl
040,427,337.8941699916,stimulus,
040,427,337.9763220313,tap,lctrl
040,428,338.6442122790,stimulus,
040,428,338.6960024717,tap,rctrl
040,429,339.3942526476,stimulus,
040,429,339.5602141892,tap,lctrl
040,430,340.1443043393,stimulus,
040,430,340.2955067603,tap,rctrl
040,431,340.8943696307,stimulus,
040,431,341.0162259363,tap,lctrl
040,432,341.6444118339,stimulus,
040,432,341.7837994110,tap,rctrl
040,433,342.3944643587,stimulus,
040,433,342.5200819308,tap,lctrl
040,434,343.1445046701,stimulus,
040,434,343.2397532616,tap,rctrl
040,435,343.8945480853,stimulus,
040,435,343.9760668514,tap,rctrl
040,436,344.6446122279,stimulus,
040,436,344.7113957857,tap,lctrl
040,437,345.3946576430,stimulus,
040,437,345.4320394926,tap,lctrl
040,438,346.1447021379,stimulus,
040,438,346.1673492123,tap,rctrl
040,439,346.8947428283,stimulus,
040,439,346.9515126073,tap,rctrl
040,440,347.6447870044,stimulus,
040,440,347.6712238921,tap,lctrl
040,441,348.3948367352,stimulus,
040,441,348.4397226010,tap,lctrl
040,442,349.1448775820,stimulus,
040,442,349.2717244420,tap,rctrl
040,443,349.8949504011,stimulus,
040,443,350.0236797379,tap,rctrl
040,444,350.6450020176,stimulus,
040,444,350.7433863401,tap,lctrl
040,445,351.3950534777,stimulus,
040,445,351.4796738072,tap,lctrl
040,446,352.1451017950,stimulus,
040,446,352.2315676007,tap,rctrl
040,447,352.8951763253,stimulus,
040,447,352.9835615213,tap,rctrl
040,448,353.6452313884,stimulus,
040,448,353.7198280385,tap,lctrl
040,449,354.3952656639,stimulus,
040,449,354.4395382046,tap,lctrl
040,450,355.1453336109,stimulus,
040,450,355.2236743851,tap,rctrl
040,451,355.8953651917,stimulus,
040,451,355.9590215626,tap,rctrl
040,452,356.6454056055,stimulus,
040,452,356.7274965096,tap,lctrl
040,453,357.3954560611,stimulus,
040,453,357.4472200107,tap,lctrl
040,454,358.1455020657,stimulus,
040,454,358.2157794973,tap,rctrl
040,455,358.8955652489,stimulus,
040,455,359.0311406823,tap,rctrl
040,456,359.6456207540,stimulus,
040,456,359.7830741501,tap,lctrl
040,457,360.3956782411,stimulus,
040,457,360.5195140831,tap,lctrl
040,458,361.1457384288,stimulus,
040,458,361.2869340302,tap,rctrl
040,459,361.8957805117,stimulus,
040,459,362.0075736710,tap,rctrl
040,460,362.6458233134,stimulus,
040,460,362.7272937888,tap,lctrl
040,461,363.3958588340,stimulus,
040,461,363.4791910468,tap,lctrl
040,462,364.1459214969,stimulus,
040,462,364.2311042053,tap,rctrl
040,463,364.8959707525,stimulus,
040,463,364.9674390638,tap,rctrl
040,464,365.6460288531,stimulus,
040,464,365.7027429310,tap,lctrl
040,465,366.3960706833,stimulus,
040,465,366.4712837683,tap,lctrl
040,466,367.1461246005,stimulus,
040,466,367.2231853331,tap,rctrl
040,467,367.8961844274,stimulus,
040,467,367.9751356908,tap,rctrl
040,468,368.6462172654,stimulus,
040,468,368.7114733763,tap,lctrl
040,469,369.3962666082,stimulus,
040,469,369.5590480587,tap,lctrl
040,470,370.1463049709,stimulus,
040,470,370.2787272780,tap,rctrl
040,471,370.8963557483,stimulus,
040,471,370.9994457863,tap,rctrl
040,472,371.6464026612,stimulus,
040,472,371.7347417980,tap,lctrl
040,473,372.3964544972,stimulus,
040,473,372.4388125767,tap,lctrl
040,474,373.1465191150,stimulus,
040,474,373.2229428506,tap,rctrl
040,475,373.8965727916,stimulus,
040,475,373.9905066624,tap,rctrl
040,476,374.6466384589,stimulus,
040,476,374.7267929866,tap,lctrl
040,477,375.3966923039,stimulus,
040,477,375.4953307684,tap,rctrl
040,478,376.1467402363,stimulus,
040,478,376.2306393573,tap,lctrl
040,479,376.8967959189,stimulus,
040,479,376.9513437245,tap,lctrl
040,480,377.6468467204,stimulus,
040,480,377.7032572710,tap,rctrl
040,481,378.3969082494,stimulus,
040,481,378.4551727512,tap,rctrl
040,482,379.1469700763,stimulus,
040,482,379.2871633744,tap,rctrl
040,483,379.8970410638,stimulus,
040,483,380.0225200795,tap,rctrl
040,484,380.6470852489,stimulus,
040,484,380.7265845486,tap,rctrl
040,485,381.3971418577,stimulus,
040,485,381.4784892982,tap,lctrl
040,486,382.1471895345,stimulus,
040,486,382.2469934717,tap,lctrl
040,487,382.8972246160,stimulus,
040,487,382.9512017933,tap,rctrl
040,488,383.6472812219,stimulus,
040,488,383.7831351365,tap,rctrl
040,489,384.3973302580,stimulus,
040,489,384.5028150055,tap,lctrl
040,490,385.1473869210,stimulus,
040,490,385.1746557157,tap,lctrl
040,491,388.2231163030,probe1,2
040,492,388.9858715503,stimulus,
040,492,389.1901633993,tap,rctrl
040,493,389.7358762776,stimulus,
040,493,389.8785752723,tap,lctrl
040,494,390.4859414307,stimulus,
040,494,390.6461096471,tap,rctrl
040,495,391.2360055582,stimulus,
040,495,391.3667946102,tap,lctrl
040,496,391.9860479779,stimulus,
040,496,392.0864726897,tap,lctrl
040,497,392.7361036034,stimulus,
040,497,392.8228322846,tap,rctrl
040,498,393.4861521342,stimulus,
040,498,393.5581265911,tap,rctrl
040,499,394.2361991704,stimulus,
040,499,394.2621547211,tap,lctrl
040,499,394.9828692776,tap,rctrl
040,500,394.9862443720,stimulus,
040,501,395.7363176271,stimulus,
040,501,395.7504069726,tap,rctrl
040,501,396.4378691276,tap,lctrl
040,502,396.4863738841,stimulus,
040,502,397.2063756800,tap,lctrl
040,503,397.2364185474,stimulus,
040,504,397.9864847200,stimulus,
040,504,397.9907159674,tap,rctrl
040,505,398.7365417439,stimulus,
040,505,398.7747135314,tap,lctrl
040,506,399.4865895650,stimulus,
040,506,399.6223711443,tap,lctrl
040,507,400.2366460867,stimulus,
040,507,400.3420659964,tap,rctrl
040,508,400.9867140457,stimulus,
040,508,401.0939839398,tap,rctrl
040,509,401.7367779657,stimulus,
040,509,401.8302442676,tap,lctrl
040,510,402.4868202651,stimulus,
040,510,402.5665677128,tap,lctrl
040,511,403.2368814603,stimulus,
040,511,403.3341168121,tap,rctrl
040,512,403.9869236214,stimulus,
040,512,404.1182760237,tap,rctrl
040,513,404.7369662336,stimulus,
040,513,404.8223325170,tap,lctrl
040,514,405.4870132968,stimulus,
040,514,405.5420087410,tap,lctrl
040,515,406.2370656050,stimulus,
040,515,406.3105596683,tap,rctrl
040,516,406.9871336603,stimulus,
040,516,407.0624551550,tap,lctrl
040,517,407.7371761371,stimulus,
040,517,407.7655551455,tap,rctrl
040,518,408.4872170922,stimulus,
040,518,408.5184664991,tap,lctrl
040,519,409.2372654817,stimulus,
040,519,409.3817068690,tap,rctrl
040,520,409.9873104818,stimulus,
040,520,410.1024168151,tap,lctrl
040,521,410.7373600021,stimulus,
040,521,410.8377170463,tap,rctrl
040,522,411.4874231342,stimulus,
040,522,411.5740251084,tap,lctrl
040,523,412.2374762454,stimulus,
040,523,412.2936735946,tap,rctrl
040,524,412.9875481592,stimulus,
040,524,412.9978226062,tap,lctrl
040,525,413.7375999712,stimulus,
040,525,413.7497329015,tap,rctrl
040,526,414.4876563305,stimulus,
040,526,414.5338591605,tap,rctrl
040,527,415.2377591278,stimulus,
040,527,415.2379591957,tap,rctrl
040,527,415.9742911220,tap,lctrl
040,528,415.9877591274,stimulus,
040,529,416.7378072282,stimulus,
040,529,416.7740058010,tap,lctrl
040,529,417.4781131503,tap,lctrl
040,530,417.4878447879,stimulus,
040,531,418.2379017757,stimulus,
040,531,418.2934908702,tap,rctrl
040,532,418.9879653137,stimulus,
040,532,419.0776362355,tap,rctrl
040,533,419.7380294743,stimulus,
040,533,419.7973678568,tap,rctrl
040,534,420.4880935116,stimulus,
040,534,420.5336472969,tap,lctrl
040,535,421.2381558196,stimulus,
040,535,421.3012064261,tap,lctrl
040,536,421.9882128556,stimulus,
040,536,422.0540877081,tap,rctrl
040,537,422.7382703607,stimulus,
040,537,422.8060198376,tap,rctrl
040,538,423.4883050663,stimulus,
040,538,423.5100774286,tap,lctrl
040,538,424.2297599502,tap,lctrl
040,539,424.2383399283,stimulus,
040,540,424.9884127894,stimulus,
040,540,425.0295442547,tap,rctrl
040,541,425.7384463071,stimulus,
040,541,425.7658415261,tap,lctrl
040,542,426.4885119985,stimulus,
040,542,426.5500011076,tap,lctrl
040,543,427.2385688570,stimulus,
040,543,427.2853032244,tap,rctrl
040,544,427.9886085910,stimulus,
040,544,428.0539084424,tap,rctrl
040,545,428.7386717772,stimulus,
040,545,428.8057996765,tap,lctrl
040,546,429.4887305514,stimulus,
040,546,429.5733360933,tap,lctrl
040,547,430.2387680239,stimulus,
040,547,430.2930165969,tap,rctrl
040,548,430.9888203532,stimulus,
040,548,431.0449565487,tap,rctrl
040,549,431.7388521265,stimulus,
040,549,431.7812424519,tap,lctrl
040,550,432.4888891598,stimulus,
040,550,432.5331743679,tap,lctrl
040,551,433.2391065322,stimulus,
040,551,433.3017046581,tap,rctrl
040,552,433.9889867238,stimulus,
040,552,434.0535981508,tap,rctrl
040,553,434.7390331525,stimulus,
040,553,434.7889397555,tap,lctrl
040,554,435.4890952560,stimulus,
040,554,435.5408711783,tap,rctrl
040,555,436.2391498889,stimulus,
040,555,436.2927528607,tap,lctrl
040,556,436.9892025160,stimulus,
040,556,437.0290908410,tap,rctrl
040,557,437.7392626345,stimulus,
040,557,437.7487628304,tap,lctrl
040,557,438.4216176722,tap,rctrl
040,558,438.4893109609,stimulus,
040,559,439.2393477266,stimulus,
040,559,439.3327063556,tap,lctrl
040,560,439.9894078873,stimulus,
040,560,440.1334755202,tap,rctrl
040,561,440.7394658044,stimulus,
040,561,440.8209258529,tap,lctrl
040,562,441.4895016318,stimulus,
040,562,441.5572177801,tap,lctrl
040,563,442.2395359464,stimulus,
040,563,442.3091640566,tap,rctrl
040,564,442.9895850938,stimulus,
040,564,443.0454780525,tap,rctrl
040,565,443.7396335134,stimulus,
040,565,443.7974132826,tap,lctrl
040,566,444.4896773646,stimulus,
040,566,444.5805611145,tap,rctrl
040,567,445.2397338261,stimulus,
040,567,445.3012064905,tap,lctrl
040,568,445.9897848141,stimulus,
040,568,446.0209317841,tap,rctrl
040,569,446.7398287375,stimulus,
040,569,446.7728401306,tap,lctrl
040,570,447.4898869855,stimulus,
040,570,447.5247601070,tap,rctrl
040,571,448.2399357689,stimulus,
040,571,448.2610576731,tap,lctrl
040,572,448.9899740113,stimulus,
040,572,449.0764653503,tap,rctrl
040,573,449.7400173573,stimulus,
040,573,449.8284073833,tap,lctrl
040,574,453.4832792834,probe1,2
040,575,454.2460366570,stimulus,
040,575,454.5811812558,tap,rctrl
040,576,454.9960540126,stimulus,
040,576,455.0928668832,tap,lctrl
040,577,455.7461030337,stimulus,
040,577,455.8447778974,tap,rctrl
040,578,456.4961393813,stimulus,
040,578,456.5488209504,tap,lctrl
040,579,457.2462041735,stimulus,
040,579,457.2685233842,tap,rctrl
040,580,457.9962424068,stimulus,
040,580,458.1161622938,tap,lctrl
040,581,458.7462822010,stimulus,
040,581,458.8524685725,tap,rctrl
040,582,459.4963434564,stimulus,
040,582,459.6043987111,tap,lctrl
040,583,460.2463871062,stimulus,
040,583,460.3563198724,tap,rctrl
040,584,460.9964467496,stimulus,
040,584,461.0603794363,tap,lctrl
040,585,461.7465034547,stimulus,
040,585,461.7966968456,tap,rctrl
040,586,462.4965378295,stimulus,
040,586,462.5642736345,tap,lctrl
040,587,463.2465778252,stimulus,
040,587,463.3006690211,tap,rctrl
040,588,463.9966283289,stimulus,
040,588,464.0846462186,tap,lctrl
040,589,464.7466807424,stimulus,
040,589,464.8365996920,tap,rctrl
040,590,465.4967339980,stimulus,
040,590,465.5563111993,tap,lctrl
040,591,466.2467730915,stimulus,
040,591,466.3082339606,tap,rctrl
040,592,466.9968340250,stimulus,
040,592,467.0122826135,tap,lctrl
040,593,467.7468785530,stimulus,
040,593,467.8765364203,tap,rctrl
040,594,468.4969237967,stimulus,
040,594,468.6284484119,tap,rctrl
040,595,469.2469748207,stimulus,
040,595,469.3803647101,tap,rctrl
040,596,469.9970412129,stimulus,
040,596,470.1166555997,tap,rctrl
040,597,470.7471029855,stimulus,
040,597,470.8685772271,tap,lctrl
040,598,471.4971562201,stimulus,
040,598,471.6839867599,tap,lctrl
040,599,472.2472193912,stimulus,
040,599,472.3246475354,tap,lctrl
040,600,472.9972701807,stimulus,
040,600,473.0442831918,tap,lctrl
040,601,473.7473275685,stimulus,
040,601,473.7483654379,tap,lctrl
040,602,474.4973699701,stimulus,
040,602,474.5325104964,tap,lctrl
040,603,475.2474016111,stimulus,
040,603,475.3156596004,tap,rctrl
040,604,475.9974598531,stimulus,
040,604,476.0685983670,tap,rctrl
040,605,476.7475175266,stimulus,
040,605,476.8205004971,tap,rctrl
040,606,477.4975568306,stimulus,
040,606,477.5236176813,tap,rctrl
040,607,478.2476067719,stimulus,
040,607,478.3722224047,tap,rctrl
040,608,478.9976634560,stimulus,
040,608,479.1241159004,tap,rctrl
040,609,479.7477317488,stimulus,
040,609,479.8604092952,tap,lctrl
040,610,480.4977883276,stimulus,
040,610,480.5957626590,tap,rctrl
040,611,481.2478544160,stimulus,
040,611,481.3642858456,tap,lctrl
040,612,481.9979022040,stimulus,
040,612,482.0839600576,tap,rctrl
040,613,482.7483650237,stimulus,
040,613,482.8359054529,tap,rctrl
040,614,483.4979971305,stimulus,
040,614,483.5243743172,tap,lctrl
040,615,484.2480342661,stimulus,
040,615,484.2762753707,tap,rctrl
040,616,484.9981039243,stimulus,
040,616,485.0438277120,tap,rctrl
040,617,485.7481627888,stimulus,
040,617,485.7957596550,tap,rctrl
040,618,486.4982297854,stimulus,
040,618,486.4998291074,tap,lctrl
040,619,487.2482576310,stimulus,
040,619,487.2839772636,tap,lctrl
040,620,487.9982987064,stimulus,
040,620,488.1316246152,tap,lctrl
040,621,488.7483503860,stimulus,
040,621,488.8522745776,tap,lctrl
040,622,489.4984033288,stimulus,
040,622,489.6042183790,tap,lctrl
040,623,490.2484459260,stimulus,
040,623,490.3072943219,tap,lctrl
040,624,490.9985230607,stimulus,
040,624,491.0602037988,tap,rctrl
040,625,491.7485622414,stimulus,
040,625,491.8599565191,tap,lctrl
040,626,492.4986014071,stimulus,
040,626,492.5474470615,tap,rctrl
040,627,493.2486488492,stimulus,
040,627,493.3315832150,tap,rctrl
040,628,493.9986992056,stimulus,
040,628,494.0512662658,tap,rctrl
040,629,494.7487385156,stimulus,
040,629,494.8198048716,tap,lctrl
040,630,495.4987951455,stimulus,
040,630,495.5551221039,tap,lctrl
040,631,496.2488542717,stimulus,
040,631,496.2591957487,tap,lctrl
040,632,496.9988993079,stimulus,
040,632,497.0600410921,tap,rctrl
040,633,497.7489344345,stimulus,
040,633,497.9398449739,tap,rctrl
040,634,498.4989718528,stimulus,
040,634,498.6751420081,tap,lctrl
040,635,499.2490250151,stimulus,
040,635,499.3958081476,tap,rctrl
040,636,499.9990778707,stimulus,
040,636,500.1311451659,tap,lctrl
040,637,503.1102605512,probe1,1
040,638,503.8730159429,stimulus,
040,638,503.9552411420,tap,rctrl
040,639,504.6230423750,stimulus,
040,639,504.7393585560,tap,lctrl
040,640,505.3731263878,stimulus,
040,640,505.4912745896,tap,rctrl
040,641,506.1231656798,stimulus,
040,641,506.2275720895,tap,lctrl
040,642,506.8732195158,stimulus,
040,642,506.9628966239,tap,rctrl
040,643,507.6232671294,stimulus,
040,643,507.6835849404,tap,lctrl
040,644,508.3733308479,stimulus,
040,644,508.4511310051,tap,rctrl
040,645,509.1233873936,stimulus,
040,645,509.1395254560,tap,lctrl
040,646,509.8734382312,stimulus,
040,646,509.9071171317,tap,rctrl
040,647,510.6235059255,stimulus,
040,647,510.6434192391,tap,lctrl
040,648,511.3735554308,stimulus,
040,648,511.4275615789,tap,rctrl
040,649,512.1235992370,stimulus,
040,649,512.1472566927,tap,lctrl
040,650,512.8736527722,stimulus,
040,650,512.8991709789,tap,rctrl
040,651,513.6237168847,stimulus,
040,651,513.7156010071,tap,lctrl
040,652,514.3737699267,stimulus,
040,652,514.4830955662,tap,lctrl
040,652,514.6581188318,tap,lctrl
040,653,515.1238053451,stimulus,
040,653,515.2349834680,tap,lctrl
040,654,515.8738699267,stimulus,
040,654,515.9713235625,tap,lctrl
040,655,516.6239255702,stimulus,
040,655,516.7232655054,tap,lctrl
040,656,517.3739858723,stimulus,
040,656,517.4429593861,tap,lctrl
040,657,518.1240403880,stimulus,
040,657,518.1792140899,tap,lctrl
040,658,518.8741152130,stimulus,
040,658,518.8833437275,tap,lctrl
040,659,519.6241507366,stimulus,
040,659,519.6987403162,tap,lctrl
040,660,520.3742144551,stimulus,
040,660,520.4506554566,tap,rctrl
040,661,521.1242524659,stimulus,
040,661,521.2025846989,tap,rctrl
040,662,521.8743112071,stimulus,
040,662,521.9389002767,tap,rctrl
040,663,522.6243756083,stimulus,
040,663,522.6907873154,tap,rctrl
040,664,523.3744213512,stimulus,
040,664,523.4271028120,tap,rctrl
040,665,524.1244623875,stimulus,
040,665,524.2747406268,tap,lctrl
040,666,524.8745219738,stimulus,
040,666,525.0432508122,tap,lctrl
040,667,525.6245567936,stimulus,
040,667,525.7464207862,tap,lctrl
040,668,526.3746163679,stimulus,
040,668,526.4982814075,tap,rctrl
040,669,527.1246750218,stimulus,
040,669,527.2511869206,tap,rctrl
040,670,527.8747208490,stimulus,
040,670,527.9864889953,tap,rctrl
040,671,528.6247608417,stimulus,
040,671,528.7071897656,tap,rctrl
040,672,529.3748027290,stimulus,
040,672,529.4590889124,tap,rctrl
040,673,530.1248425563,stimulus,
040,673,530.1787743241,tap,lctrl
040,674,530.8748798965,stimulus,
040,674,530.9463257271,tap,lctrl
040,675,531.6249435668,stimulus,
040,675,531.6670091895,tap,lctrl
040,676,532.3749941668,stimulus,
040,676,532.4189629636,tap,rctrl
040,677,533.1250369234,stimulus,
040,677,533.1542247385,tap,rctrl
040,677,533.8583568362,tap,rctrl
040,678,533.8750824498,stimulus,
040,679,534.6251500118,stimulus,
040,679,534.7225567283,tap,rctrl
040,680,535.3751886542,stimulus,
040,680,535.4901080080,tap,lctrl
040,681,536.1252551395,stimulus,
040,681,536.2586699787,tap,lctrl
040,682,536.8753170385,stimulus,
040,682,536.9949220842,tap,rctrl
040,683,537.6253625980,stimulus,
040,683,537.7781408137,tap,rctrl
040,684,538.3754194505,stimulus,
040,684,538.4665294000,tap,rctrl
040,685,539.1254693648,stimulus,
040,685,539.2820127507,tap,lctrl
040,686,539.8755143799,stimulus,
040,686,539.9547778260,tap,rctrl
040,687,540.6255751060,stimulus,
040,687,540.6746143262,tap,lctrl
040,688,541.3756332307,stimulus,
040,688,541.4264038753,tap,rctrl
040,689,542.1256672806,stimulus,
040,689,542.1626828193,tap,rctrl
040,690,542.8757224850,stimulus,
040,690,542.9302827355,tap,lctrl
040,691,543.6257869403,stimulus,
040,691,543.6499340457,tap,lctrl
040,692,544.3758278593,stimulus,
040,692,544.5463974553,tap,lctrl
040,693,545.1258584898,stimulus,
040,693,545.2983246345,tap,lctrl
040,694,545.8759221422,stimulus,
040,694,546.0506810857,tap,rctrl
040,695,546.6259613198,stimulus,
040,695,546.7220974321,tap,rctrl
040,696,547.3760275345,stimulus,
040,696,547.4740254143,tap,lctrl
040,697,548.1260779150,stimulus,
040,697,548.2259262482,tap,lctrl
040,698,548.8761490799,stimulus,
040,698,548.9300438229,tap,rctrl
040,699,549.6261882065,stimulus,
040,699,549.6819603618,tap,rctrl
040,700,550.3762232790,stimulus,
040,700,550.4338704887,tap,lctrl
040,701,551.1262851629,stimulus,
040,701,551.2023847913,tap,lctrl
040,702,551.8763214835,stimulus,
040,702,551.9064653172,tap,rctrl
040,702,552.6095685498,tap,rctrl
040,703,552.6263745496,stimulus,
040,704,553.3764259135,stimulus,
040,704,553.3780743292,tap,lctrl
040,704,554.1143838831,tap,lctrl
040,705,554.1268757350,stimulus,
040,706,554.8765337028,stimulus,
040,706,555.0254770265,tap,rctrl
040,707,555.6265688716,stimulus,
040,707,555.7783911289,tap,rctrl
040,708,556.3766174114,stimulus,
040,708,556.4981020769,tap,lctrl
040,709,557.1266700776,stimulus,
040,709,557.2343933303,tap,lctrl
040,710,557.8767382320,stimulus,
040,710,558.0019187970,tap,rctrl
040,711,558.6268135202,stimulus,
040,711,558.7538702584,tap,rctrl
040,712,559.3768577925,stimulus,
040,712,559.4735404043,tap,lctrl
040,713,560.1268938876,stimulus,
040,713,560.2577015347,tap,lctrl
040,714,560.8769591218,stimulus,
040,714,560.9617790501,tap,rctrl
040,715,561.6270050783,stimulus,
040,715,561.7136987588,tap,rctrl
040,716,562.3770508814,stimulus,
040,716,562.4021467393,tap,rctrl
040,717,563.1270930846,stimulus,
040,717,563.1852994763,tap,rctrl
040,718,563.8771537084,stimulus,
040,718,564.0495751683,tap,rctrl
040,719,564.6272084827,stimulus,
040,719,564.7692779270,tap,rctrl
040,720,565.3772662254,stimulus,
040,720,565.5055520290,tap,rctrl
040,721,569.1721511057,probe1,2
040,722,569.9349042418,stimulus,
040,722,570.3051886722,tap,rctrl
040,723,570.6849210861,stimulus,
040,723,570.8334613147,tap,lctrl
040,724,571.4349803566,stimulus,
040,724,571.5219295023,tap,rctrl
040,725,572.1850036669,stimulus,
040,725,572.3050768048,tap,lctrl
040,726,572.9350653855,stimulus,
040,726,573.0413749423,tap,rctrl
040,727,573.6851170441,stimulus,
040,727,573.7610892917,tap,lctrl
040,728,574.4351842242,stimulus,
040,728,574.4817418767,tap,rctrl
040,729,575.1852345445,stimulus,
040,729,575.2492874632,tap,rctrl
040,730,575.9352782544,stimulus,
040,730,575.9856125987,tap,rctrl
040,731,576.6853276845,stimulus,
040,731,576.7052915654,tap,lctrl
040,732,577.4353703779,stimulus,
040,732,577.4894309910,tap,lctrl
040,733,578.1854368722,stimulus,
040,733,578.3693057344,tap,lctrl
040,734,578.9354732530,stimulus,
040,734,579.1368626620,tap,lctrl
040,735,579.6855346016,stimulus,
040,735,579.8409222109,tap,lctrl
040,736,580.4356003862,stimulus,
040,736,580.5772379451,tap,lctrl
040,737,581.1856411970,stimulus,
040,737,581.2969270319,tap,lctrl
040,738,581.9356861700,stimulus,
040,738,582.0488229125,tap,rctrl
040,739,582.6857261687,stimulus,
040,739,582.8007572134,tap,rctrl
040,740,583.4357850272,stimulus,
040,740,583.5849219557,tap,rctrl
040,741,584.1858324182,stimulus,
040,741,584.3055872772,tap,rctrl
040,742,584.9358956074,stimulus,
040,742,584.9930736272,tap,lctrl
040,743,585.6859694219,stimulus,
040,743,585.7127726807,tap,rctrl
040,743,586.4334379150,tap,lctrl
040,744,586.4360130988,stimulus,
040,744,587.1531177719,tap,rctrl
040,745,587.1860748173,stimulus,
040,746,587.9361363103,stimulus,
040,746,588.0808333883,tap,lctrl
040,747,588.6861899388,stimulus,
040,747,588.7526863118,tap,rctrl
040,748,589.4362280849,stimulus,
040,748,589.4411416154,tap,lctrl
040,749,590.1862751211,stimulus,
040,749,590.2086648506,tap,rctrl
040,750,590.9363142566,stimulus,
040,750,591.0572795768,tap,lctrl
040,751,591.6863680746,stimulus,
040,751,591.8248193830,tap,rctrl
040,752,592.4364205542,stimulus,
040,752,592.5611479771,tap,lctrl
040,753,593.1864513381,stimulus,
040,753,593.2964191321,tap,rctrl
040,754,593.9364992554,stimulus,
040,754,594.0650059655,tap,lctrl
040,755,594.6865479156,stimulus,
040,755,594.7846746076,tap,rctrl
040,756,595.4366043862,stimulus,
040,756,595.4731360164,tap,lctrl
040,757,596.1866531576,stimulus,
040,757,596.2084447707,tap,rctrl
040,758,596.9367177393,stimulus,
040,758,596.9769774609,tap,lctrl
040,759,597.6867495908,stimulus,
040,759,597.8412122515,tap,rctrl
040,760,598.4368105003,stimulus,
040,760,598.6087675792,tap,rctrl
040,761,599.1868542914,stimulus,
040,761,599.3128182621,tap,lctrl
040,762,599.9369310021,stimulus,
040,762,600.0803950420,tap,lctrl
040,763,600.6869874847,stimulus,
040,763,600.7688318889,tap,rctrl
040,764,601.4370566347,stimulus,
040,764,601.5207681867,tap,rctrl
040,765,602.1871175111,stimulus,
040,765,602.2726640343,tap,lctrl
040,766,602.9371758673,stimulus,
040,766,602.9767269816,tap,lctrl
040,767,603.6876964963,stimulus,
040,767,603.7443264106,tap,rctrl
040,768,604.4372708028,stimulus,
040,768,604.4805854783,tap,rctrl
040,769,605.1873054693,stimulus,
040,769,605.2481624537,tap,lctrl
040,770,605.9373555490,stimulus,
040,770,606.0166620017,tap,lctrl
040,771,606.6874011415,stimulus,
040,771,606.7686067294,tap,rctrl
040,772,607.4374455672,stimulus,
040,772,607.6005925948,tap,lctrl
040,773,608.1874951597,stimulus,
040,773,608.3681398956,tap,rctrl
040,774,608.9375634947,stimulus,
040,774,609.1523195549,tap,rctrl
040,775,609.6876045700,stimulus,
040,775,609.8564099783,tap,lctrl
040,776,610.4376617383,stimulus,
040,776,610.5761084604,tap,lctrl
040,777,611.1876858426,stimulus,
040,777,611.3280166596,tap,rctrl
040,778,611.9377329209,stimulus,
040,778,612.0799421877,tap,rctrl
040,779,612.6877721978,stimulus,
040,779,612.8162179377,tap,lctrl
040,780,613.4378265421,stimulus,
040,780,613.5847310614,tap,rctrl
040,781,614.1878689678,stimulus,
040,781,614.3366882761,tap,lctrl
040,782,614.9379146386,stimulus,
040,782,615.0408212279,tap,rctrl
040,783,615.6879617980,stimulus,
040,783,615.7926402290,tap,rctrl
040,784,616.4380031802,stimulus,
040,784,616.4967506911,tap,lctrl
040,785,617.1880416932,stimulus,
040,785,617.4078332152,tap,lctrl
040,786,617.9381113755,stimulus,
040,786,618.1597244613,tap,rctrl
040,787,618.6881844261,stimulus,
040,787,618.9126449455,tap,rctrl
040,788,619.4382388636,stimulus,
040,788,619.6001378548,tap,lctrl
040,789,620.1882722369,stimulus,
040,789,620.3198090683,tap,rctrl
040,790,620.9383296247,stimulus,
040,790,621.1518224249,tap,lctrl
040,791,621.6883986063,stimulus,
040,791,621.8402681498,tap,rctrl
040,792,622.4384544573,stimulus,
040,792,622.5765727744,tap,lctrl
040,793,623.1885000408,stimulus,
040,793,623.2962378467,tap,rctrl
040,794,623.9385696178,stimulus,
040,794,624.0159895908,tap,lctrl
040,795,624.6886155653,stimulus,
040,795,624.7356903435,tap,rctrl
040,796,625.4386634616,stimulus,
040,796,625.4563402758,tap,lctrl
040,797,626.1887256583,stimulus,
040,797,626.2395026968,tap,rctrl
040,797,626.9279805263,tap,lctrl
040,798,626.9387806853,stimulus,
040,799,627.6888489360,stimulus,
040,799,627.8723044837,tap,rctrl
040,800,628.4389116019,stimulus,
040,800,628.5597630388,tap,lctrl
040,801,629.1889664063,stimulus,
040,801,629.3116674787,tap,rctrl
040,802,629.9390244528,stimulus,
040,802,630.0323316032,tap,lctrl
040,803,630.6890634831,stimulus,
040,803,630.7842519134,tap,rctrl
040,804,631.4391052953,stimulus,
040,804,631.5195853679,tap,lctrl
040,805,632.1891551253,stimulus,
040,805,632.2715143125,tap,lctrl
040,806,632.9392026577,stimulus,
040,806,633.0234152847,tap,rctrl
040,807,633.6892479105,stimulus,
040,807,633.7753667822,tap,rctrl
040,808,634.4393139838,stimulus,
040,808,634.5594975644,tap,rctrl
040,809,635.1893758287,stimulus,
040,809,635.2801686331,tap,lctrl
040,810,635.9394215445,stimulus,
040,810,636.0633476553,tap,rctrl
040,811,636.6894657266,stimulus,
040,811,636.8474977002,tap,lctrl
040,812,640.2250591124,probe1,3
040,813,640.9868502030,stimulus,
040,813,641.1520573457,tap,rctrl
040,814,641.7368721871,stimulus,
040,814,641.8551359863,tap,lctrl
040,815,642.4869162158,stimulus,
040,815,642.6080437009,tap,rctrl
040,816,643.2369621452,stimulus,
040,816,643.3599644171,tap,lctrl
040,817,643.9870074520,stimulus,
040,817,644.1118773229,tap,rctrl
040,818,644.7370733209,stimulus,
040,818,644.8159354734,tap,lctrl
040,819,645.4871288952,stimulus,
040,819,645.5512842057,tap,rctrl
040,820,646.2371572490,stimulus,
040,820,646.3031881313,tap,lctrl
040,821,646.9872094851,stimulus,
040,821,647.0552383425,tap,rctrl
040,822,647.7372521815,stimulus,
040,822,647.8070723026,tap,lctrl
040,823,648.4873218999,stimulus,
040,823,648.6869031101,tap,rctrl
040,824,649.2373553844,stimulus,
040,824,649.3753455359,tap,lctrl
040,825,649.9874054280,stimulus,
040,825,650.1272686159,tap,rctrl
040,826,650.7374734622,stimulus,
040,826,650.8635806930,tap,lctrl
040,827,651.4875250998,stimulus,
040,827,651.6154812262,tap,rctrl
040,828,652.2375984000,stimulus,
040,828,652.3507945307,tap,lctrl
040,829,652.9876432979,stimulus,
040,829,653.0548738025,tap,rctrl
040,830,653.7377166162,stimulus,
040,830,653.8390429808,tap,lctrl
040,831,654.4877599893,stimulus,
040,831,654.5753560293,tap,rctrl
040,832,655.2377934979,stimulus,
040,832,655.2793870344,tap,rctrl
040,833,655.9878700311,stimulus,
040,833,656.0147310210,tap,rctrl
040,834,656.7379245559,stimulus,
040,834,656.8154862461,tap,lctrl
040,835,657.4879896307,stimulus,
040,835,657.5352141531,tap,lctrl
040,836,658.2380222702,stimulus,
040,836,658.2870943679,tap,rctrl
040,837,658.9881191339,stimulus,
040,837,659.0712547103,tap,lctrl
040,838,659.7381748796,stimulus,
040,838,659.8231725123,tap,lctrl
040,839,660.4882350282,stimulus,
040,839,660.5428998329,tap,rctrl
040,840,661.2382841967,stimulus,
040,840,661.3113868669,tap,rctrl
040,841,661.9883434672,stimulus,
040,841,662.0945480217,tap,rctrl
040,842,662.7384103796,stimulus,
040,842,662.8308639063,tap,lctrl
040,843,663.4884418461,stimulus,
040,843,663.5349497463,tap,lctrl
040,844,664.2384958987,stimulus,
040,844,664.3024771919,tap,lctrl
040,845,664.9885386582,stimulus,
040,845,665.0388036145,tap,lctrl
040,846,665.7385849486,stimulus,
040,846,665.7584931374,tap,rctrl
040,847,666.4886640833,stimulus,
040,847,666.5426700238,tap,rctrl
040,848,667.2387073511,stimulus,
040,848,667.2633151894,tap,rctrl
040,849,667.9887706546,stimulus,
040,849,668.1744460102,tap,rctrl
040,850,668.7388289777,stimulus,
040,850,668.8950959395,tap,rctrl
040,851,669.4888690576,stimulus,
040,851,669.6470681914,tap,lctrl
040,852,670.2389080067,stimulus,
040,852,670.3823803020,tap,lctrl
040,853,670.9889728560,stimulus,
040,853,671.0707446452,tap,lctrl
040,854,671.7390233146,stimulus,
040,854,671.7748817624,tap,rctrl
040,855,672.4890614608,stimulus,
040,855,672.5746363623,tap,lctrl
040,856,673.2391019768,stimulus,
040,856,673.3109497115,tap,rctrl
040,857,673.9897526631,stimulus,
040,857,674.0951119847,tap,lctrl
040,858,674.7391964130,stimulus,
040,858,674.8147719443,tap,lctrl
040,859,675.4892535782,stimulus,
040,859,675.5823444235,tap,lctrl
040,860,676.2392979137,stimulus,
040,860,676.2707560980,tap,lctrl
040,861,676.9893606367,stimulus,
040,861,676.9904839419,tap,lctrl
040,861,677.6945547627,tap,lctrl
040,862,677.7394093089,stimulus,
040,863,678.4894620412,stimulus,
040,863,678.6544819579,tap,rctrl
040,864,679.2395143554,stimulus,
040,864,679.3741902262,tap,lctrl
040,865,679.9895815385,stimulus,
040,865,680.1104646319,tap,rctrl
040,866,680.7396252003,stimulus,
040,866,680.8301893330,tap,lctrl
040,867,681.4896779597,stimulus,
040,867,681.5821143709,tap,rctrl
040,868,682.2397127886,stimulus,
040,868,682.3340217641,tap,lctrl
040,869,682.9897563331,stimulus,
040,869,683.0702955593,tap,lctrl
040,870,686.7447425997,probe1,1
040,871,687.5075003282,stimulus,
040,871,687.8064669073,tap,rctrl
040,872,688.2575030165,stimulus,
040,872,688.3660237048,tap,lctrl
040,873,689.0075734867,stimulus,
040,873,689.0866689936,tap,rctrl
040,874,689.7576424562,stimulus,
040,874,689.8864826178,tap,lctrl
040,875,690.5077163700,stimulus,
040,875,690.6217774054,tap,rctrl
040,876,691.2577392653,stimulus,
040,876,691.3102522184,tap,lctrl
040,877,692.0077789212,stimulus,
040,877,692.0621511637,tap,rctrl
040,878,692.7578192146,stimulus,
040,878,692.7984989633,tap,lctrl
040,879,693.5078696161,stimulus,
040,879,693.5337802896,tap,rctrl
040,879,694.2544404713,tap,lctrl
040,880,694.2579201379,stimulus,
040,881,695.0079784280,stimulus,
040,881,695.0376182724,tap,rctrl
040,882,695.7580468622,stimulus,
040,882,695.7907191498,tap,rctrl
040,883,696.5080806475,stimulus,
040,883,696.6703781985,tap,rctrl
040,884,697.2581420382,stimulus,
040,884,697.4057161492,tap,lctrl
040,885,698.0081853301,stimulus,
040,885,698.0941122180,tap,rctrl
040,886,698.7582406457,stimulus,
040,886,698.9262100599,tap,lctrl
040,886,699.0369856411,tap,lctrl
040,887,699.5082858323,stimulus,
040,887,699.6136440562,tap,lctrl
040,888,700.2583348474,stimulus,
040,888,700.3821462508,tap,rctrl
040,889,701.0084036936,stimulus,
040,889,701.1340794960,tap,rctrl
040,890,701.7584590604,stimulus,
040,890,701.9016380808,tap,rctrl
040,891,702.5085034770,stimulus,
040,891,702.6379398965,tap,rctrl
040,892,703.2585607295,stimulus,
040,892,703.3576462882,tap,rctrl
040,893,704.0086042891,stimulus,
040,893,704.0616791970,tap,rctrl
040,894,704.7586612649,stimulus,
040,894,704.7979811450,tap,rctrl
040,895,705.5087384658,stimulus,
040,895,705.5655554497,tap,lctrl
040,896,706.2587951107,stimulus,
040,896,706.3653342055,tap,lctrl
040,897,707.0088441378,stimulus,
040,897,707.1016082894,tap,rctrl
040,898,707.7588925424,stimulus,
040,898,707.8701227243,tap,rctrl
040,899,708.5089361079,stimulus,
040,899,708.6220795961,tap,lctrl
040,900,709.2589710361,stimulus,
040,900,709.3417600756,tap,lctrl
040,900,709.9813851891,tap,rctrl
040,901,710.0090172422,stimulus,
040,902,710.7590819351,stimulus,
040,902,710.8612570965,tap,rctrl
040,903,711.5091180572,stimulus,
040,903,711.5819037688,tap,lctrl
040,904,712.2591711684,stimulus,
040,904,712.3172210341,tap,lctrl
040,905,713.0092236781,stimulus,
040,905,713.0857625091,tap,rctrl
040,906,713.7592820073,stimulus,
040,906,713.8855687379,tap,rctrl
040,907,714.5093465498,stimulus,
040,907,714.6052276600,tap,lctrl
040,908,715.2593759863,stimulus,
040,908,715.3259150231,tap,lctrl
040,909,716.0094353651,stimulus,
040,909,716.1735567837,tap,rctrl
040,910,716.7594894748,stimulus,
040,910,716.9098425636,tap,rctrl
040,911,717.5095326915,stimulus,
040,911,717.6451723701,tap,lctrl
040,912,718.2595829125,stimulus,
040,912,718.4293134257,tap,rctrl
040,913,719.0096363425,stimulus,
040,913,719.1177463479,tap,rctrl
040,914,719.7596857305,stimulus,
040,914,719.8696703242,tap,lctrl
040,915,720.5097390282,stimulus,
040,915,720.6540213001,tap,lctrl
040,916,721.2597852403,stimulus,
040,916,721.3891468342,tap,rctrl
040,917,722.0098243698,stimulus,
040,917,722.1098375446,tap,rctrl
040,918,722.7598911319,stimulus,
040,918,722.8617558819,tap,rctrl
040,919,723.5099580714,stimulus,
040,919,723.5814283315,tap,lctrl
040,920,724.2600107164,stimulus,
040,920,724.2854785543,tap,lctrl
040,921,725.0100601615,stimulus,
040,921,725.0374347013,tap,rctrl
040,922,725.7601254560,stimulus,
040,922,725.9495274864,tap,rctrl
040,923,726.5101730274,stimulus,
040,923,726.7014359683,tap,rctrl
040,924,727.2602061962,stimulus,
040,924,727.3889322790,tap,lctrl
040,925,728.0102509888,stimulus,
040,925,728.1574548942,tap,lctrl
040,926,728.7602983107,stimulus,
040,926,728.9250191270,tap,rctrl
040,927,729.5103608021,stimulus,
040,927,729.6134595979,tap,rctrl
040,928,730.2604066594,stimulus,
040,928,730.3809713024,tap,lctrl
040,929,731.0104603330,stimulus,
040,929,731.1328917299,tap,rctrl
040,930,731.7605060188,stimulus,
040,930,731.8848614165,tap,lctrl
040,931,732.5105672832,stimulus,
040,931,732.6533921609,tap,rctrl
040,932,733.2605957213,stimulus,
040,932,733.3886976881,tap,lctrl
040,933,734.0106556865,stimulus,
040,933,734.1406076076,tap,lctrl
040,934,734.7607152005,stimulus,
040,934,734.8290564061,tap,rctrl
040,935,735.5107627570,stimulus,
040,935,735.5966118571,tap,rctrl
040,936,736.2608246048,stimulus,
040,936,736.4451949419,tap,rctrl
040,937,737.0108810694,stimulus,
040,937,737.1805329046,tap,rctrl
040,938,737.7609177328,stimulus,
040,938,737.9012001839,tap,rctrl
040,939,738.5109609435,stimulus,
040,939,738.6531408034,tap,rctrl
040,940,739.2610172697,stimulus,
040,940,739.3728001044,tap,rctrl
040,941,740.0110993156,stimulus,
040,941,740.1091319525,tap,rctrl
040,942,740.7611244605,stimulus,
040,942,740.8444723061,tap,lctrl
040,943,741.5111908586,stimulus,
040,943,741.6130346407,tap,rctrl
040,944,742.2612507186,stimulus,
040,944,742.3492663706,tap,lctrl
040,945,743.0113054929,stimulus,
040,945,743.1011721067,tap,rctrl
040,946,743.7613377985,stimulus,
040,946,743.9332620240,tap,lctrl
040,947,744.5113958480,stimulus,
040,947,744.6363023707,tap,lctrl
040,948,745.2614395820,stimulus,
040,948,745.3247481227,tap,lctrl
040,949,746.0114823926,stimulus,
040,949,746.2368245232,tap,lctrl
040,950,746.7615281386,stimulus,
040,950,746.9409037228,tap,lctrl
040,951,747.5115827144,stimulus,
040,951,747.6605883887,tap,lctrl
040,952,748.2616235823,stimulus,
040,952,748.3968663432,tap,lctrl
040,953,749.0116886181,stimulus,
040,953,749.1810109927,tap,lctrl
040,954,749.7617540538,stimulus,
040,954,749.8685170987,tap,lctrl
040,955,750.5118166145,stimulus,
040,955,750.6370587932,tap,rctrl
040,956,751.2618650641,stimulus,
040,956,751.3889834281,tap,lctrl
040,957,752.0119155769,stimulus,
040,957,752.1565187893,tap,rctrl
040,958,752.7619597650,stimulus,
040,958,752.9562689351,tap,rctrl
040,959,753.5120144040,stimulus,
040,959,753.6281366463,tap,lctrl
040,960,757.5574216558,probe1,2
040,961,758.3191995377,stimulus,
040,961,758.4443870710,tap,rctrl
040,962,759.0692216180,stimulus,
040,962,759.1328267509,tap,lctrl
040,963,759.8192706090,stimulus,
040,963,759.9159711241,tap,rctrl
040,964,760.5693199820,stimulus,
040,964,760.6845387008,tap,rctrl
040,965,761.3193802329,stimulus,
040,965,761.3885832605,tap,lctrl
040,966,762.0694448205,stimulus,
040,966,762.1239111963,tap,rctrl
040,967,762.8195085450,stimulus,
040,967,762.8279768894,tap,lctrl
040,968,763.5695597796,stimulus,
040,968,763.7566527348,tap,lctrl
040,969,764.3196211072,stimulus,
040,969,764.4919793384,tap,rctrl
040,970,765.0696439213,stimulus,
040,970,765.2282293205,tap,lctrl
040,971,765.8196871771,stimulus,
040,971,765.9479543193,tap,rctrl
040,972,766.5697443694,stimulus,
040,972,766.6676521398,tap,lctrl
040,973,767.3197846237,stimulus,
040,973,767.4518379463,tap,lctrl
040,974,768.0698453739,stimulus,
040,974,768.1558695379,tap,rctrl
040,975,768.8198922597,stimulus,
040,975,768.9078052854,tap,lctrl
040,976,769.5699519091,stimulus,
040,976,769.6764593925,tap,rctrl
040,977,770.3199966656,stimulus,
040,977,770.4282667758,tap,rctrl
040,978,771.0700593856,stimulus,
040,978,771.1801700217,tap,lctrl
040,979,771.8200959228,stimulus,
040,979,771.9154952749,tap,lctrl
040,980,772.5701455814,stimulus,
040,980,772.6518043144,tap,rctrl
040,981,773.3201921153,stimulus,
040,981,773.5316376422,tap,lctrl
040,982,774.0702662607,stimulus,
040,982,774.2357534485,tap,rctrl
040,983,774.8203249958,stimulus,
040,983,775.0198883839,tap,lctrl
040,984,775.5704197362,stimulus,
040,984,775.7395700333,tap,lctrl
040,985,776.3204327099,stimulus,
040,985,776.4759329875,tap,rctrl
040,986,777.0704823175,stimulus,
040,986,777.2121867741,tap,lctrl
040,987,777.8205183734,stimulus,
040,987,777.9318811390,tap,rctrl
040,988,778.5705879083,stimulus,
040,988,778.6359573401,tap,lctrl
040,989,779.3206150622,stimulus,
040,989,779.3400096200,tap,rctrl
040,990,780.0706649103,stimulus,
040,990,780.1554208219,tap,lctrl
040,991,780.8207102593,stimulus,
040,991,780.8919081764,tap,rctrl
040,992,781.5707603360,stimulus,
040,992,781.6436469867,tap,lctrl
040,993,782.3207925905,stimulus,
040,993,782.3955783554,tap,rctrl
040,993,782.6666715211,tap,rctrl
040,994,783.0708375034,stimulus,
040,994,783.2597716221,tap,lctrl
040,995,783.8208899349,stimulus,
040,995,783.9638673627,tap,rctrl
040,996,784.5709304449,stimulus,
040,996,784.7157741484,tap,lctrl
040,997,785.3209968821,stimulus,
040,997,785.4833525071,tap,rctrl
040,998,786.0710407695,stimulus,
040,998,786.2518384795,tap,lctrl
040,999,786.8210899650,stimulus,
040,999,786.9560136620,tap,rctrl
040,1000,787.5711358463,stimulus,
040,1000,787.6756382449,tap,lctrl
040,1001,788.3211826509,stimulus,
040,1001,788.4275562755,tap,rctrl
040,1002,789.0712526038,stimulus,
040,1002,789.1796016868,tap,lctrl
040,1003,789.8212806389,stimulus,
040,1003,789.9314187992,tap,rctrl
040,1004,790.5713304810,stimulus,
040,1004,790.6511215579,tap,lctrl
040,1005,791.3213970265,stimulus,
040,1005,791.3717818779,tap,rctrl
040,1006,792.0714723688,stimulus,
040,1006,792.1549863311,tap,lctrl
040,1007,792.8215288965,stimulus,
040,1007,792.9713323430,tap,rctrl
040,1008,793.5715653885,stimulus,
040,1008,793.7554907126,tap,lctrl
040,1009,794.3216302017,stimulus,
040,1009,794.4429457249,tap,rctrl
040,1010,795.0716587781,stimulus,
040,1010,795.1948560714,tap,lctrl
040,1011,795.8217188907,stimulus,
040,1011,795.9155455788,tap,rctrl
040,1012,796.5717655118,stimulus,
040,1012,796.6997073919,tap,lctrl
040,1013,797.3218158201,stimulus,
040,1013,797.4350081945,tap,rctrl
040,1014,798.0718714034,stimulus,
040,1014,798.1869182943,tap,lctrl
040,1015,798.8219162832,stimulus,
040,1015,798.8753830324,tap,rctrl
040,1016,799.5719649103,stimulus,
040,1016,799.6273278623,tap,lctrl
040,1017,800.3220103525,stimulus,
040,1017,800.3636225413,tap,rctrl
040,1018,801.0720676681,stimulus,
040,1018,801.1468059874,tap,lctrl
040,1019,801.8221094202,stimulus,
040,1019,801.8674547017,tap,rctrl
040,1020,802.5721792649,stimulus,
040,1020,802.6028054972,tap,rctrl
040,1021,803.3222286378,stimulus,
040,1021,803.4035497210,tap,rctrl
040,1022,804.0722819475,stimulus,
040,1022,804.2033767674,tap,rctrl
040,1023,804.8223369264,stimulus,
040,1023,804.9386340160,tap,rctrl
040,1024,805.5724052764,stimulus,
040,1024,805.6427335821,tap,lctrl
040,1025,806.3224419157,stimulus,
040,1025,806.4748829568,tap,lctrl
040,1026,807.0724922300,stimulus,
040,1026,807.1954160645,tap,rctrl
040,1027,807.8225358678,stimulus,
040,1027,807.9629389147,tap,rctrl
040,1028,808.5725793702,stimulus,
040,1028,808.6992309652,tap,lctrl
040,1029,809.3226230019,stimulus,
040,1029,809.4033031003,tap,lctrl
040,1030,810.0726649344,stimulus,
040,1030,810.1073919026,tap,rctrl
040,1031,810.8227098292,stimulus,
040,1031,810.8270920358,tap,rctrl
040,1032,811.5727602608,stimulus,
040,1032,811.5790572082,tap,lctrl
040,1033,812.3228256635,stimulus,
040,1033,812.4745057404,tap,lctrl
040,1034,813.0728897940,stimulus,
040,1034,813.2752389929,tap,lctrl
040,1035,813.8229380933,stimulus,
040,1035,813.9470937991,tap,rctrl
040,1036,814.5729921819,stimulus,
040,1036,814.7468498155,tap,lctrl
040,1037,815.3230552177,stimulus,
040,1037,815.5144055011,tap,rctrl
040,1038,816.0730993667,stimulus,
040,1038,816.2028339602,tap,lctrl
040,1039,816.8231499908,stimulus,
040,1039,816.9548051535,tap,rctrl
040,1040,817.5731860016,stimulus,
040,1040,817.6910819321,tap,lctrl
040,1041,818.3232232936,stimulus,
040,1041,818.4586217353,tap,rctrl
040,1042,819.0732668712,stimulus,
040,1042,819.2105765199,tap,lctrl
040,1043,819.8233155975,stimulus,
040,1043,819.9624918528,tap,rctrl
040,1044,820.5733807025,stimulus,
040,1044,820.6821611566,tap,lctrl
040,1045,821.3234311882,stimulus,
040,1045,821.3862234573,tap,rctrl
040,1046,822.0734903804,stimulus,
040,1046,822.1547870821,tap,lctrl
040,1047,822.8235311611,stimulus,
040,1047,823.0189911486,tap,lctrl
040,1048,823.5735911564,stimulus,
040,1048,823.7543347382,tap,rctrl
040,1049,824.3236271221,stimulus,
040,1049,824.4750008717,tap,rctrl
040,1050,825.0736802032,stimulus,
040,1050,825.2103190724,tap,lctrl
040,1051,825.8237316844,stimulus,
040,1051,825.9466190836,tap,rctrl
040,1052,826.5737851896,stimulus,
040,1052,826.6663271956,tap,lctrl
040,1053,827.3238574763,stimulus,
040,1053,827.4504805486,tap,rctrl
040,1054,828.0739088462,stimulus,
040,1054,828.2180091281,tap,lctrl
040,1055,831.4061169891,probe1,1
040,1056,832.1679043535,stimulus,
040,1056,832.4258674404,tap,rctrl
040,1057,832.9178982510,stimulus,
040,1057,833.0498624506,tap,lctrl
040,1058,833.6679430044,stimulus,
040,1058,833.7705526588,tap,rctrl
040,1059,834.4180055170,stimulus,
040,1059,834.4902791072,tap,lctrl
040,1060,835.1680552388,stimulus,
040,1060,835.2265494499,tap,lctrl
040,1061,835.9181143228,stimulus,
040,1061,836.1386070869,tap,rctrl
040,1062,836.6681855509,stimulus,
040,1062,836.8417140697,tap,lctrl
040,1063,837.4182433177,stimulus,
040,1063,837.5946500814,tap,rctrl
040,1064,838.1682734038,stimulus,
040,1064,838.2820555851,tap,lctrl
040,1065,838.9183204219,stimulus,
040,1065,839.0662003068,tap,rctrl
040,1066,839.6683737376,stimulus,
040,1066,839.7380493717,tap,lctrl
040,1067,840.4184288849,stimulus,
040,1067,840.5222003278,tap,rctrl
040,1068,841.1684614101,stimulus,
040,1068,841.2897693785,tap,lctrl
040,1069,841.9185270834,stimulus,
040,1069,842.0260422745,tap,lctrl
040,1070,842.6685600958,stimulus,
040,1070,842.7780161685,tap,rctrl
040,1071,843.4186252128,stimulus,
040,1071,843.5455423419,tap,rctrl
040,1072,844.1686554042,stimulus,
040,1072,844.2495674013,tap,rctrl
040,1073,844.9187005306,stimulus,
040,1073,845.0015080028,tap,lctrl
040,1074,845.6687634942,stimulus,
040,1074,845.8179565058,tap,lctrl
040,1075,846.4188034508,stimulus,
040,1075,846.5376231901,tap,rctrl
040,1076,847.1688444721,stimulus,
040,1076,847.3217830874,tap,lctrl
040,1077,847.9188823355,stimulus,
040,1077,848.0414586286,tap,rctrl
040,1078,848.6689299341,stimulus,
040,1078,848.7621727220,tap,lctrl
040,1079,849.4189750725,stimulus,
040,1079,849.5297228889,tap,rctrl
040,1080,850.1690260995,stimulus,
040,1080,850.2660045786,tap,lctrl
040,1081,850.9190649644,stimulus,
040,1081,851.0013020760,tap,rctrl
040,1082,851.6691085601,stimulus,
040,1082,851.7542051470,tap,lctrl
040,1083,852.4191714455,stimulus,
040,1083,852.5374000636,tap,rctrl
040,1084,853.1692275100,stimulus,
040,1084,853.2893015742,tap,lctrl
040,1085,853.9192788860,stimulus,
040,1085,854.0099665288,tap,rctrl
040,1086,854.6693312543,stimulus,
040,1086,854.7775384245,tap,lctrl
040,1087,855.4193726996,stimulus,
040,1087,855.5773152285,tap,rctrl
040,1088,856.1694301356,stimulus,
040,1088,856.3458235853,tap,lctrl
040,1089,856.9194725432,stimulus,
040,1089,857.0977500668,tap,rctrl
040,1090,857.6695121510,stimulus,
040,1090,857.7852337282,tap,lctrl
040,1091,858.4195662065,stimulus,
040,1091,858.5693760680,tap,rctrl
040,1092,859.1695930145,stimulus,
040,1092,859.3535010247,tap,lctrl
040,1093,859.9196646637,stimulus,
040,1093,860.0575750154,tap,rctrl
040,1094,860.6696983738,stimulus,
040,1094,860.8095005285,tap,rctrl
040,1095,861.4197513226,stimulus,
040,1095,861.5458601774,tap,lctrl
040,1096,862.1698132397,stimulus,
040,1096,862.2978120900,tap,rctrl
040,1097,862.9198420236,stimulus,
040,1097,863.0496364624,tap,lctrl
040,1098,863.6698854899,stimulus,
040,1098,863.8015654220,tap,rctrl
040,1099,864.4199405108,stimulus,
040,1099,864.5212934493,tap,lctrl
040,1100,865.1699985182,stimulus,
040,1100,865.3689186479,tap,rctrl
040,1101,865.9200263277,stimulus,
040,1101,866.0896100952,tap,lctrl
040,1102,866.6700699173,stimulus,
040,1102,866.8248958093,tap,lctrl
040,1103,867.4201162948,stimulus,
040,1103,867.5778442568,tap,lctrl
040,1104,868.1701535598,stimulus,
040,1104,868.3131262267,tap,lctrl
040,1105,868.9202057417,stimulus,
040,1105,869.0494013031,tap,rctrl
040,1106,869.6702382338,stimulus,
040,1106,869.8013480157,tap,rctrl
040,1107,870.4202889931,stimulus,
040,1107,870.5376598312,tap,rctrl
040,1108,871.1703222010,stimulus,
040,1108,871.3052601955,tap,rctrl
040,1109,871.9203762145,stimulus,
040,1109,872.0248648300,tap,rctrl
040,1110,872.6704257468,stimulus,
040,1110,872.7455693296,tap,lctrl
040,1111,873.4204785693,stimulus,
040,1111,873.4975162647,tap,rctrl
040,1112,876.8027954854,probe1,1
040,1113,877.5655577491,stimulus,
040,1113,877.5658395747,tap,rctrl
040,1114,878.3155767197,stimulus,
040,1114,878.4094459152,tap,lctrl
040,1115,879.0656238130,stimulus,
040,1115,879.1769568890,tap,rctrl
040,1116,879.8156865932,stimulus,
040,1116,879.9132754381,tap,lctrl
040,1117,880.5657418968,stimulus,
040,1117,880.6486210578,tap,rctrl
040,1118,881.3157812700,stimulus,
040,1118,881.3370059328,tap,lctrl
040,1119,882.0658451509,stimulus,
040,1119,882.0733596812,tap,rctrl
040,1119,882.8086862877,tap,lctrl
040,1120,882.8158973058,stimulus,
040,1121,883.5659597762,stimulus,
040,1121,883.7207453442,tap,rctrl
040,1122,884.3160144753,stimulus,
040,1122,884.4892685459,tap,rctrl
040,1123,885.0660615746,stimulus,
040,1123,885.2245493068,tap,lctrl
040,1124,885.8161115340,stimulus,
040,1124,886.0087208339,tap,lctrl
040,1125,886.5661545522,stimulus,
040,1125,886.7128108694,tap,rctrl
040,1126,887.3162207789,stimulus,
040,1126,887.4324997637,tap,rctrl
040,1127,888.0662767713,stimulus,
040,1127,888.1844017284,tap,lctrl
040,1128,888.8163397349,stimulus,
040,1128,888.9529643548,tap,lctrl
040,1129,889.5663993934,stimulus,
040,1129,889.6882772654,tap,lctrl
040,1130,890.3164372508,stimulus,
040,1130,890.4411726794,tap,lctrl
040,1131,891.0664810028,stimulus,
040,1131,891.1442645288,tap,rctrl
040,1132,891.8165244149,stimulus,
040,1132,891.8805678572,tap,lctrl
040,1133,892.5665797066,stimulus,
040,1133,892.6490826229,tap,rctrl
040,1134,893.3166215609,stimulus,
040,1134,893.4967141432,tap,lctrl
040,1135,894.0666720706,stimulus,
040,1135,894.2164107998,tap,rctrl
040,1136,894.8167437890,stimulus,
040,1136,894.9527447952,tap,lctrl
040,1137,895.5667840102,stimulus,
040,1137,895.6890637112,tap,rctrl
040,1138,896.3168398823,stimulus,
040,1138,896.4721823617,tap,lctrl
040,1139,897.0668978475,stimulus,
040,1139,897.2085207540,tap,rctrl
040,1140,897.8169585375,stimulus,
040,1140,897.9281907495,tap,rctrl
040,1141,898.5670034504,stimulus,
040,1141,898.6644858465,tap,rctrl
040,1142,899.3170655930,stimulus,
040,1142,899.4007928771,tap,rctrl
040,1143,900.0671247372,stimulus,
040,1143,900.1683275105,tap,lctrl
040,1144,900.8171871444,stimulus,
040,1144,900.9047215256,tap,lctrl
040,1145,901.5672356903,stimulus,
040,1145,901.6565567399,tap,lctrl
040,1146,902.3172819054,stimulus,
040,1146,902.3919010543,tap,lctrl
040,1147,903.0673430856,stimulus,
040,1147,903.2404969840,tap,lctrl
040,1148,903.8173868226,stimulus,
040,1148,903.9601486370,tap,lctrl
040,1149,904.5674265416,stimulus,
040,1149,904.7122602062,tap,rctrl
040,1150,905.3174799145,stimulus,
040,1150,905.4640127486,tap,lctrl
040,1151,906.0675329535,stimulus,
040,1151,906.2159409654,tap,lctrl
040,1152,906.8175912316,stimulus,
040,1152,906.9200336053,tap,lctrl
040,1153,907.5676581259,stimulus,
040,1153,907.6719880260,tap,lctrl
040,1154,908.3176928405,stimulus,
040,1154,908.4238893472,tap,lctrl
040,1155,909.0677305656,stimulus,
040,1155,909.1601849344,tap,rctrl
040,1156,909.8178061185,stimulus,
040,1156,909.9277690735,tap,rctrl
040,1157,910.5678499246,stimulus,
040,1157,910.6005542687,tap,lctrl
040,1158,911.3179093515,stimulus,
040,1158,911.4325311628,tap,rctrl
040,1159,912.0679728805,stimulus,
040,1159,912.1844794784,tap,lctrl
040,1160,912.8180427853,stimulus,
040,1160,913.1121857206,tap,rctrl
040,1161,913.5680555004,stimulus,
040,1161,913.7361751009,tap,lctrl
040,1162,914.3181101424,stimulus,
040,1162,914.4402494013,tap,rctrl
040,1163,915.0681493021,stimulus,
040,1163,915.2077742334,tap,lctrl
040,1164,915.8181987863,stimulus,
040,1164,915.9597110034,tap,lctrl
040,1165,916.5682735662,stimulus,
040,1165,916.6638245030,tap,lctrl
040,1166,917.3183210595,stimulus,
040,1166,917.4635708204,tap,lctrl
040,1167,918.0683559997,stimulus,
040,1167,918.1676243243,tap,rctrl
040,1168,918.8184083319,stimulus,
040,1168,918.9039366871,tap,rctrl
040,1169,921.7903087955,probe1,0
040,1170,922.5520905270,stimulus,
040,1170,922.6157330365,tap,rctrl
040,1171,923.3021267513,stimulus,
040,1171,923.3842374896,tap,lctrl
040,1172,924.0521711048,stimulus,
040,1172,924.1039436347,tap,rctrl
040,1173,924.8022275994,stimulus,
040,1173,924.9681919589,tap,lctrl
040,1174,925.5522861391,stimulus,
040,1174,925.6712437189,tap,rctrl
040,1175,926.3023266761,stimulus,
040,1175,926.4720411055,tap,lctrl
040,1176,927.0523670237,stimulus,
040,1176,927.1438415729,tap,lctrl
040,1177,927.8024354218,stimulus,
040,1177,927.8957752181,tap,lctrl
040,1178,928.5524762867,stimulus,
040,1178,928.6476957539,tap,lctrl
040,1179,929.3025400924,stimulus,
040,1179,929.3351657434,tap,rctrl
040,1180,930.0525790385,stimulus,
040,1180,930.0880743662,tap,rctrl
040,1181,930.8026184928,stimulus,
040,1181,930.8556254744,tap,lctrl
040,1182,931.5526872398,stimulus,
040,1182,931.5753197942,tap,rctrl
040,1183,932.3027332564,stimulus,
040,1183,932.3116119138,tap,lctrl
040,1183,933.0479480475,tap,rctrl
040,1184,933.0527835978,stimulus,
040,1185,933.8028402488,stimulus,
040,1185,933.8154744766,tap,lctrl
040,1186,934.5528741935,stimulus,
040,1186,934.6796958089,tap,lctrl
040,1187,935.3029265438,stimulus,
040,1187,935.3837915766,tap,rctrl
040,1188,936.0529698597,stimulus,
040,1188,936.1835191184,tap,lctrl
040,1189,936.8030220687,stimulus,
040,1189,936.8877487629,tap,lctrl
040,1190,937.5530679169,stimulus,
040,1190,937.6229445301,tap,rctrl
040,1191,938.3031144929,stimulus,
040,1191,938.3758507980,tap,rctrl
040,1192,939.0531545307,stimulus,
040,1192,939.0955278881,tap,rctrl
040,1193,939.8032172899,stimulus,
040,1193,939.8152722730,tap,lctrl
040,1193,940.5193329617,tap,lctrl
040,1194,940.5532639621,stimulus,
040,1194,941.2868466933,tap,lctrl
040,1195,941.3032982557,stimulus,
040,1195,942.0231510533,tap,rctrl
040,1196,942.0533582961,stimulus,
040,1197,942.8034207153,stimulus,
040,1197,942.8551891521,tap,rctrl
040,1198,943.5534544525,stimulus,
040,1198,943.5748626814,tap,lctrl
040,1199,944.3035191394,stimulus,
040,1199,944.4068547421,tap,lctrl
040,1200,945.0535681816,stimulus,
040,1200,945.1753855646,tap,lctrl
040,1201,945.8036193439,stimulus,
040,1201,945.8472143202,tap,rctrl
040,1202,946.5536677004,stimulus,
040,1202,946.6147946218,tap,rctrl
040,1203,947.3037106283,stimulus,
040,1203,947.4633985152,tap,rctrl
040,1204,948.0537577668,stimulus,
040,1204,948.1830624807,tap,rctrl
040,1205,948.8038124990,stimulus,
040,1205,948.9350101106,tap,rctrl
040,1206,949.5538530721,stimulus,
040,1206,949.6390888982,tap,rctrl
040,1207,950.3038990286,stimulus,
040,1207,950.3910235780,tap,lctrl
040,1208,951.0539646147,stimulus,
040,1208,951.1106979794,tap,lctrl
040,1209,951.8040203605,stimulus,
040,1209,951.8313818930,tap,lctrl
040,1210,952.5540547473,stimulus,
040,1210,952.5667231217,tap,lctrl
040,1210,953.2707459496,tap,lctrl
040,1211,953.3040883190,stimulus,
040,1212,954.0541527623,stimulus,
040,1212,954.0705478538,tap,rctrl
040,1213,954.8042313677,stimulus,
040,1213,954.9992393740,tap,rctrl
040,1214,955.5542836489,stimulus,
040,1214,955.7345713007,tap,lctrl
040,1215,956.3043305317,stimulus,
040,1215,956.3907561247,tap,rctrl
040,1216,957.0543886744,stimulus,
040,1216,957.1104647990,tap,lctrl
040,1217,957.8044636047,stimulus,
040,1217,957.8145652493,tap,rctrl
040,1218,958.5544983794,stimulus,
040,1218,958.6465408954,tap,lctrl
040,1219,959.3045672437,stimulus,
040,1219,959.3506219776,tap,rctrl
040,1220,960.0546217564,stimulus,
040,1220,960.1025539658,tap,lctrl
040,1221,960.8046767532,stimulus,
040,1221,960.8388452643,tap,rctrl
040,1222,961.5547287126,stimulus,
040,1222,961.5907658091,tap,lctrl
040,1222,962.2948477455,tap,rctrl
040,1223,962.3047701789,stimulus,
040,1224,963.0548156181,stimulus,
040,1224,963.0789637851,tap,rctrl
040,1225,963.8048689760,stimulus,
040,1225,963.8944044119,tap,lctrl
040,1226,964.5549291487,stimulus,
040,1226,964.6306936233,tap,rctrl
040,1227,965.3049798118,stimulus,
040,1227,965.3503834319,tap,lctrl
040,1228,966.0550323005,stimulus,
040,1228,966.0866777771,tap,lctrl
040,1229,966.8050714150,stimulus,
040,1229,966.9030611867,tap,lctrl
040,1230,967.5551299517,stimulus,
040,1230,967.6549924921,tap,lctrl
040,1231,968.3051849937,stimulus,
040,1231,968.3746823248,tap,lctrl
040,1232,969.0552332539,stimulus,
040,1232,969.1265870924,tap,rctrl
040,1233,969.8052868703,stimulus,
040,1233,969.8942019347,tap,rctrl
040,1234,970.5553063401,stimulus,
040,1234,970.7105413963,tap,rctrl
040,1235,971.3053635325,stimulus,
040,1235,971.4145817576,tap,rctrl
040,1236,972.0554217293,stimulus,
040,1236,972.1186662353,tap,lctrl
040,1237,972.8054753939,stimulus,
040,1237,972.8227682314,tap,lctrl
040,1238,973.5555232571,stimulus,
040,1238,973.5746733329,tap,rctrl
040,1239,974.3055782088,stimulus,
040,1239,974.5023925041,tap,lctrl
040,1240,975.0556414943,stimulus,
040,1240,975.1908358712,tap,rctrl
040,1241,975.8056821185,stimulus,
040,1241,975.9104984804,tap,lctrl
040,1242,976.5557498610,stimulus,
040,1242,976.6624421164,tap,rctrl
040,1243,977.3057860914,stimulus,
040,1243,977.3987603557,tap,lctrl
040,1244,978.0558286976,stimulus,
040,1244,978.1340474744,tap,rctrl
040,1245,978.8058975347,stimulus,
040,1245,978.8381317054,tap,lctrl
040,1246,979.5559358643,stimulus,
040,1246,979.6066823712,tap,rctrl
040,1247,980.3059846659,stimulus,
040,1247,980.3742402311,tap,rctrl
040,1248,981.0560250976,stimulus,
040,1248,981.1261095379,tap,lctrl
040,1249,981.8060640137,stimulus,
040,1249,981.8458465034,tap,rctrl
040,1250,982.5561302554,stimulus,
040,1250,982.5821500092,tap,lctrl
040,1251,983.3061941423,stimulus,
040,1251,983.3184210947,tap,rctrl
040,1252,984.0562495813,stimulus,
040,1252,984.1816718975,tap,lctrl
040,1253,984.8062868162,stimulus,
040,1253,984.9502282623,tap,rctrl
040,1254,985.5563310975,stimulus,
040,1254,985.6699350661,tap,lctrl
040,1255,986.3063842508,stimulus,
040,1255,986.3896136749,tap,rctrl
040,1256,987.0564335215,stimulus,
040,1256,987.3017069833,tap,rctrl
040,1257,987.8065000249,stimulus,
040,1257,987.9735179137,tap,rctrl
040,1258,988.5565547241,stimulus,
040,1258,988.6941982664,tap,rctrl
040,1259,989.3065934416,stimulus,
040,1259,989.3982806298,tap,rctrl
040,1260,990.0566326403,stimulus,
040,1260,990.1658138107,tap,rctrl
040,1261,990.8066942777,stimulus,
040,1261,990.8698929200,tap,lctrl
040,1262,991.5567679539,stimulus,
040,1262,991.6062129638,tap,rctrl
040,1263,992.3068081871,stimulus,
040,1263,992.3737382020,tap,lctrl
040,1264,993.0568511963,stimulus,
040,1264,993.1422749191,tap,lctrl
040,1265,993.8069162562,stimulus,
040,1265,993.8943089803,tap,rctrl
040,1266,994.5569735898,stimulus,
040,1266,994.6461133591,tap,rctrl
040,1267,995.3070469202,stimulus,
040,1267,995.3814483895,tap,lctrl
040,1268,996.0570901308,stimulus,
040,1268,996.0698868634,tap,rctrl
040,1269,996.8071323220,stimulus,
040,1269,996.8540357354,tap,rctrl
040,1270,997.5571883294,stimulus,
040,1270,997.6216082898,tap,rctrl
040,1271,998.3072326558,stimulus,
040,1271,998.3579014260,tap,rctrl
040,1272,999.0572683358,stimulus,
040,1272,999.1576675354,tap,rctrl
040,1273,999.8073390015,stimulus,
040,1273,999.8940912101,tap,rctrl
040,1274,1000.5574015231,stimulus,
040,1274,1000.5980416305,tap,rctrl
040,1275,1001.3074486735,stimulus,
040,1275,1001.3333461142,tap,rctrl
040,1276,1002.0574897008,stimulus,
040,1276,1002.0852686138,tap,rctrl
040,1277,1005.8700538764,probe1,1
040,1278,1006.6328056742,stimulus,
040,1278,1006.8536804481,tap,rctrl
040,1279,1007.3828250478,stimulus,
040,1279,1007.4610592318,tap,lctrl
040,1280,1008.1328939722,stimulus,
040,1280,1008.1973593573,tap,rctrl
040,1281,1008.8829409241,stimulus,
040,1281,1008.8857822255,tap,lctrl
040,1282,1009.6330053885,stimulus,
040,1282,1009.6689585981,tap,rctrl
040,1283,1010.3830669657,stimulus,
040,1283,1010.4209095452,tap,lctrl
040,1284,1011.1331090275,stimulus,
040,1284,1011.1571834607,tap,rctrl
040,1285,1011.8831602350,stimulus,
040,1285,1011.8936024979,tap,lctrl
040,1286,1012.6331850611,stimulus,
040,1286,1012.6454065219,tap,rctrl
040,1286,1013.3817278559,tap,rctrl
040,1287,1013.3832134480,stimulus,
040,1288,1014.1332846010,stimulus,
040,1288,1014.1492806303,tap,lctrl
040,1289,1014.8833502894,stimulus,
040,1289,1014.9168492449,tap,rctrl
040,1290,1015.6333848476,stimulus,
040,1290,1015.7976945750,tap,lctrl
040,1291,1016.3834239320,stimulus,
040,1291,1016.5495603420,tap,rctrl
040,1292,1017.1334836747,stimulus,
040,1292,1017.2848867109,tap,rctrl
040,1293,1017.8835539043,stimulus,
040,1293,1017.9733571240,tap,rctrl
040,1294,1018.6336017705,stimulus,
040,1294,1018.7096438723,tap,rctrl
040,1295,1019.3836538081,stimulus,
040,1295,1019.4293227969,tap,rctrl
040,1295,1020.1334045709,tap,rctrl
040,1296,1020.1336805620,stimulus,
040,1297,1020.8837557238,stimulus,
040,1297,1020.8853451543,tap,lctrl
040,1298,1021.6338010066,stimulus,
040,1298,1021.7007767077,tap,lctrl
040,1299,1022.3838551705,stimulus,
040,1299,1022.4370550983,tap,rctrl
040,1300,1023.1338931542,stimulus,
040,1300,1023.1889462272,tap,lctrl
040,1301,1023.8839459977,stimulus,
040,1301,1023.9086750755,tap,rctrl
040,1302,1024.6341575928,stimulus,
040,1302,1024.6449462602,tap,rctrl
040,1303,1025.3840520638,stimulus,
040,1303,1025.4925736092,tap,rctrl
040,1304,1026.1340992984,stimulus,
040,1304,1026.2611037791,tap,lctrl
040,1305,1026.8841505270,stimulus,
040,1305,1026.9651577401,tap,lctrl
040,1306,1027.6342138906,stimulus,
040,1306,1027.7005674486,tap,rctrl
040,1307,1028.3842670108,stimulus,
040,1307,1028.4690169857,tap,rctrl
040,1308,1029.1343037585,stimulus,
040,1308,1029.2531824107,tap,lctrl
040,1309,1029.8843548938,stimulus,
040,1309,1029.9728846972,tap,rctrl
040,1310,1030.6343988834,stimulus,
040,1310,1030.7404295891,tap,lctrl
040,1311,1031.3844331830,stimulus,
040,1311,1031.4610919662,tap,lctrl
040,1312,1032.1345005345,stimulus,
040,1312,1032.2286402505,tap,lctrl
040,1313,1032.8845493540,stimulus,
040,1313,1033.0127983704,tap,lctrl
040,1314,1033.6345881257,stimulus,
040,1314,1033.6846751640,tap,lctrl
040,1315,1034.3846326416,stimulus,
040,1315,1034.4043552435,tap,rctrl
040,1316,1035.1347005886,stimulus,
040,1316,1035.2529156791,tap,rctrl
040,1317,1035.8847347859,stimulus,
040,1317,1035.9882423789,tap,lctrl
040,1318,1036.6347922730,stimulus,
040,1318,1036.7401814887,tap,rctrl
040,1319,1037.3848271440,stimulus,
040,1319,1037.4765124496,tap,lctrl
040,1320,1038.1348675487,stimulus,
040,1320,1038.2762780417,tap,rctrl
040,1321,1038.8849231381,stimulus,
040,1321,1038.9969692965,tap,rctrl
040,1322,1039.6349841890,stimulus,
040,1322,1039.7488989839,tap,rctrl
040,1323,1040.3850217185,stimulus,
040,1323,1040.4841841808,tap,lctrl
040,1324,1041.1350845468,stimulus,
040,1324,1041.1726053348,tap,rctrl
040,1325,1041.8851458052,stimulus,
040,1325,1041.9568017336,tap,lctrl
040,1326,1042.6351928384,stimulus,
040,1326,1042.7243328362,tap,lctrl
040,1327,1043.3852422354,stimulus,
040,1327,1043.4606408382,tap,lctrl
040,1328,1044.1352831634,stimulus,
040,1328,1044.2125692385,tap,lctrl
040,1329,1044.8853385753,stimulus,
040,1329,1044.9166396954,tap,rctrl
040,1330,1045.6353830882,stimulus,
040,1330,1045.7486467603,tap,rctrl
040,1331,1046.3854576967,stimulus,
040,1331,1046.5327962398,tap,lctrl
040,1332,1047.1354916535,stimulus,
040,1332,1047.2046103972,tap,rctrl
040,1333,1047.8855623853,stimulus,
040,1333,1047.9565580361,tap,rctrl
040,1334,1048.6356070035,stimulus,
040,1334,1048.6919086662,tap,rctrl
040,1335,1049.3856506262,stimulus,
040,1335,1049.4447668780,tap,rctrl
040,1336,1050.1357025344,stimulus,
040,1336,1050.1966984151,tap,lctrl
040,1337,1050.8857587072,stimulus,
040,1337,1050.9642322214,tap,lctrl
040,1338,1051.6357966729,stimulus,
040,1338,1051.7005482744,tap,rctrl
040,1339,1052.3858622410,stimulus,
040,1339,1052.4524558360,tap,rctrl
040,1340,1053.1359226182,stimulus,
040,1340,1053.2043828137,tap,rctrl
040,1341,1053.8859632064,stimulus,
040,1341,1053.9397098834,tap,rctrl
040,1342,1054.6360243264,stimulus,
040,1342,1054.6926403132,tap,lctrl
040,1343,1055.3860836180,stimulus,
040,1343,1055.5724554368,tap,lctrl
040,1344,1056.1361282301,stimulus,
040,1344,1056.2765198428,tap,lctrl
040,1345,1056.8861975605,stimulus,
040,1345,1057.0284750575,tap,lctrl
040,1346,1057.6362479951,stimulus,
040,1346,1057.7481782733,tap,rctrl
040,1347,1058.3863016146,stimulus,
040,1347,1058.4844566970,tap,rctrl
040,1348,1059.1363489575,stimulus,
040,1348,1059.2520107405,tap,lctrl
040,1349,1059.8864248321,stimulus,
040,1349,1059.9561211093,tap,rctrl
040,1350,1060.6364870048,stimulus,
040,1350,1060.6924103388,tap,lctrl
040,1351,1061.3865346334,stimulus,
040,1351,1061.4923719538,tap,lctrl
040,1352,1062.1365713269,stimulus,
040,1352,1062.2118263148,tap,rctrl
040,1353,1062.8866230547,stimulus,
040,1353,1062.9481781775,tap,lctrl
040,1353,1063.6356459384,tap,rctrl
040,1354,1063.6366619978,stimulus,
040,1355,1064.3867377491,stimulus,
040,1355,1064.4520166115,tap,rctrl
040,1356,1065.1367859823,stimulus,
040,1356,1065.2840055715,tap,lctrl
040,1357,1065.8868348259,stimulus,
040,1357,1066.0359039032,tap,rctrl
040,1358,1066.6368854529,stimulus,
040,1358,1066.7722203893,tap,lctrl
040,1359,1067.3869316139,stimulus,
040,1359,1067.4919334364,tap,rctrl
040,1360,1068.1369987730,stimulus,
040,1360,1068.2282220464,tap,lctrl
040,1361,1068.8870455715,stimulus,
040,1361,1068.9801722687,tap,rctrl
040,1362,1069.6370923190,stimulus,
040,1362,1069.7320703328,tap,rctrl
040,1363,1070.3871430633,stimulus,
040,1363,1070.4361326756,tap,lctrl
040,1364,1073.5158673249,probe1,0
040,1365,1074.2776433331,stimulus,
040,1365,1074.2779242143,tap,rctrl
040,1366,1075.0276619248,stimulus,
040,1366,1075.0756428790,tap,lctrl
040,1367,1075.7776922605,stimulus,
040,1367,1075.8275424738,tap,rctrl
040,1367,1076.5159791553,tap,lctrl
040,1368,1076.5277357960,stimulus,
040,1369,1077.2777943778,stimulus,
040,1369,1077.2991459462,tap,rctrl
040,1370,1078.0278462619,stimulus,
040,1370,1078.0676980344,tap,lctrl
040,1371,1078.7778755692,stimulus,
040,1371,1078.8352358587,tap,rctrl
040,1372,1079.5279127830,stimulus,
040,1372,1079.5559436545,tap,lctrl
040,1373,1080.2779559846,stimulus,
040,1373,1080.4357740981,tap,rctrl
040,1374,1081.0279972224,stimulus,
040,1374,1081.1398391085,tap,lctrl
040,1375,1081.7780514795,stimulus,
040,1375,1081.8917604382,tap,rctrl
040,1376,1082.5280868527,stimulus,
040,1376,1082.6270620949,tap,lctrl
040,1377,1083.2781485682,stimulus,
040,1377,1083.3477493377,tap,rctrl
040,1378,1084.0282226715,stimulus,
040,1378,1084.0996454560,tap,lctrl
040,1379,1084.7782800503,stimulus,
040,1379,1084.8037339215,tap,rctrl
040,1380,1085.5283263917,stimulus,
040,1380,1085.5556687517,tap,lctrl
040,1381,1086.2783671723,stimulus,
040,1381,1086.3232368430,tap,rctrl
040,1382,1087.0284172069,stimulus,
040,1382,1087.1552328556,tap,rctrl
040,1383,1087.7784799270,stimulus,
040,1383,1087.8749228055,tap,lctrl
040,1384,1088.5285287886,stimulus,
040,1384,1088.5956163038,tap,lctrl
040,1385,1089.2785730549,stimulus,
040,1385,1089.3152834964,tap,rctrl
040,1386,1090.0286280247,stimulus,
040,1386,1090.2107854680,tap,lctrl
040,1387,1090.7786710309,stimulus,
040,1387,1090.9148251316,tap,rctrl
040,1388,1091.5287365479,stimulus,
040,1388,1091.6511637645,tap,lctrl
040,1389,1092.2787834818,stimulus,
040,1389,1092.3552153616,tap,rctrl
040,1390,1093.0288442259,stimulus,
040,1390,1093.1550147516,tap,lctrl
040,1391,1093.7788968890,stimulus,
040,1391,1093.8746817937,tap,rctrl
040,1392,1094.5289392305,stimulus,
040,1392,1094.5787635166,tap,lctrl
040,1393,1095.2789980860,stimulus,
040,1393,1095.3472874220,tap,lctrl
040,1394,1096.0290532723,stimulus,
040,1394,1096.0826148375,tap,rctrl
040,1395,1096.7791215862,stimulus,
040,1395,1096.8667638659,tap,rctrl
040,1396,1097.5291796507,stimulus,
040,1396,1097.6030578471,tap,rctrl
040,1397,1098.2792245095,stimulus,
040,1397,1098.3071420631,tap,lctrl
040,1398,1099.0292734644,stimulus,
040,1398,1099.0424451393,tap,rctrl
040,1399,1099.7793206329,stimulus,
040,1399,1099.8110013869,tap,lctrl
040,1400,1100.5293866430,stimulus,
040,1400,1100.6586504406,tap,rctrl
040,1401,1101.2794355047,stimulus,
040,1401,1101.3949078121,tap,lctrl
040,1402,1102.0294998397,stimulus,
040,1402,1102.1312855479,tap,rctrl
040,1403,1102.7795659281,stimulus,
040,1403,1102.8831329875,tap,lctrl
040,1404,1103.5296130485,stimulus,
040,1404,1103.5872103224,tap,rctrl
040,1405,1104.2796718498,stimulus,
040,1405,1104.3391459556,tap,lctrl
040,1406,1105.0297164860,stimulus,
040,1406,1105.1223361294,tap,rctrl
040,1407,1105.7797859277,stimulus,
040,1407,1105.8752004043,tap,lctrl
040,1408,1106.5298146665,stimulus,
040,1408,1106.6428039084,tap,rctrl
040,1409,1107.2798687672,stimulus,
040,1409,1107.3946764572,tap,lctrl
040,1410,1108.0299084050,stimulus,
040,1410,1108.0665195373,tap,rctrl
040,1411,1108.7799528667,stimulus,
040,1411,1108.8028291693,tap,lctrl
040,1412,1109.5300036502,stimulus,
040,1412,1109.6983098962,tap,lctrl
040,1413,1110.2800280522,stimulus,
040,1413,1110.4189621172,tap,lctrl
040,1414,1111.0300781951,stimulus,
040,1414,1111.1708863702,tap,rctrl
040,1415,1111.7801469300,stimulus,
040,1415,1111.8749499792,tap,rctrl
040,1416,1112.5302067298,stimulus,
040,1416,1112.6103007235,tap,lctrl
040,1417,1113.2802649146,stimulus,
040,1417,1113.3466108578,tap,rctrl
040,1418,1114.0303151958,stimulus,
040,1418,1114.1307464158,tap,lctrl
040,1419,1114.7803726708,stimulus,
040,1419,1114.8660604842,tap,lctrl
040,1420,1115.5304223806,stimulus,
040,1420,1115.5867291470,tap,rctrl
040,1421,1116.2804613598,stimulus,
040,1421,1116.3386773964,tap,rctrl
040,1422,1117.0305261459,stimulus,
040,1422,1117.1228161423,tap,lctrl
040,1423,1117.7805768452,stimulus,
040,1423,1117.8268877420,tap,rctrl
040,1424,1118.5306245490,stimulus,
040,1424,1118.5788072733,tap,lctrl
040,1425,1119.2806571824,stimulus,
040,1425,1119.3307256617,tap,rctrl
040,1426,1120.0307088381,stimulus,
040,1426,1120.0982932358,tap,lctrl
040,1427,1120.7807652123,stimulus,
040,1427,1120.8180075311,tap,rctrl
040,1428,1121.5308069794,stimulus,
040,1428,1121.5699260158,tap,lctrl
040,1429,1122.2808569719,stimulus,
040,1429,1122.3540335413,tap,rctrl
040,1430,1123.0309142545,stimulus,
040,1430,1123.0425227570,tap,lctrl
040,1431,1123.7809651522,stimulus,
040,1431,1123.8100835793,tap,rctrl
040,1432,1124.5310117974,stimulus,
040,1432,1124.5463660811,tap,lctrl
040,1433,1125.2810602260,stimulus,
040,1433,1125.2983046525,tap,lctrl
040,1434,1126.0310994909,stimulus,
040,1434,1126.0658231660,tap,lctrl
040,1435,1126.7811562261,stimulus,
040,1435,1126.8343397994,tap,lctrl
040,1436,1127.5311933858,stimulus,
040,1436,1127.5540474061,tap,lctrl
040,1437,1128.2812614230,stimulus,
040,1437,1128.3538227394,tap,rctrl
040,1438,1129.0313038066,stimulus,
040,1438,1129.1223581693,tap,lctrl
040,1439,1129.7813683612,stimulus,
040,1439,1129.9221358304,tap,lctrl
040,1440,1130.5314128229,stimulus,
040,1440,1130.6418361470,tap,lctrl
040,1441,1131.2814526923,stimulus,
040,1441,1131.4103624494,tap,lctrl
040,1442,1132.0315098425,stimulus,
040,1442,1132.2101037202,tap,lctrl
040,1443,1132.7815617177,stimulus,
040,1443,1132.9298083977,tap,lctrl
040,1444,1133.5315979481,stimulus,
040,1444,1133.6338952994,tap,lctrl
040,1445,1134.2816367167,stimulus,
040,1445,1134.3535710601,tap,rctrl
040,1446,1135.0317361788,stimulus,
040,1446,1135.1543703083,tap,lctrl
040,1447,1135.7817489270,stimulus,
040,1447,1135.9541275547,tap,lctrl
040,1448,1136.5317888686,stimulus,
040,1448,1136.6103793968,tap,lctrl
040,1448,1137.2499624631,tap,lctrl
040,1449,1137.2818444729,stimulus,
040,1450,1138.0319139357,stimulus,
040,1450,1138.0497300312,tap,lctrl
040,1451,1138.7819704634,stimulus,
040,1451,1138.8973856953,tap,rctrl
040,1452,1139.5320522025,stimulus,
040,1452,1139.7293678645,tap,rctrl
040,1453,1140.2820750648,stimulus,
040,1453,1140.4334247367,tap,rctrl
040,1454,1141.0321286451,stimulus,
040,1454,1141.0896813727,tap,rctrl
040,1455,1141.7821701987,stimulus,
040,1455,1141.8415676626,tap,rctrl
040,1456,1142.5322298541,stimulus,
040,1456,1142.5935445129,tap,rctrl
040,1457,1143.2822647372,stimulus,
040,1457,1143.2975914094,tap,rctrl
040,1458,1144.0323353818,stimulus,
040,1458,1144.0338456592,tap,rctrl
040,1459,1146.9837168456,probe1,2
040,1460,1147.7464754523,stimulus,
040,1460,1148.0660127714,tap,rctrl
040,1461,1148.4965066632,stimulus,
040,1461,1148.7056120599,tap,lctrl
040,1462,1149.2465493626,stimulus,
040,1462,1149.3774077034,tap,rctrl
040,1463,1149.9966119323,stimulus,
040,1463,1150.0816137965,tap,lctrl
040,1464,1150.7466727456,stimulus,
040,1464,1150.8012178505,tap,rctrl
040,1465,1151.4967057039,stimulus,
040,1465,1151.5052828609,tap,rctrl
040,1466,1152.2467421357,stimulus,
040,1466,1152.3050193800,tap,rctrl
040,1467,1152.9967996889,stimulus,
040,1467,1153.0892132917,tap,lctrl
040,1468,1153.7468648841,stimulus,
040,1468,1153.8411989478,tap,rctrl
040,1469,1154.4969105308,stimulus,
040,1469,1154.6096594019,tap,rctrl
040,1470,1155.2469676239,stimulus,
040,1470,1155.3449424214,tap,lctrl
040,1471,1155.9970312552,stimulus,
040,1471,1156.0812379846,tap,lctrl
040,1472,1156.7470928835,stimulus,
040,1472,1156.8009761530,tap,rctrl
040,1473,1157.4971485992,stimulus,
040,1473,1157.5851518876,tap,rctrl
040,1474,1158.2471846100,stimulus,
040,1474,1158.3057827858,tap,lctrl
040,1475,1158.9972369633,stimulus,
040,1475,1159.0410985925,tap,lctrl
040,1476,1159.7472967361,stimulus,
040,1476,1159.8096398449,tap,rctrl
040,1477,1160.4973460879,stimulus,
040,1477,1160.5137010058,tap,lctrl
040,1478,1161.2473918038,stimulus,
040,1478,1161.2490363971,tap,rctrl
040,1478,1161.9687352972,tap,lctrl
040,1479,1161.9974280733,stimulus,
040,1480,1162.7474826431,stimulus,
040,1480,1162.7694957522,tap,rctrl
040,1481,1163.4975426775,stimulus,
040,1481,1163.6327406904,tap,rctrl
040,1482,1164.2476067419,stimulus,
040,1482,1164.3846615239,tap,lctrl
040,1483,1164.9976378144,stimulus,
040,1483,1165.1211939512,tap,rctrl
040,1484,1165.7476890550,stimulus,
040,1484,1165.8572501781,tap,lctrl
040,1485,1166.4977327890,stimulus,
040,1485,1166.5613334016,tap,rctrl
040,1486,1167.2478019239,stimulus,
040,1486,1167.3132538351,tap,rctrl
040,1487,1167.9978512788,stimulus,
040,1487,1168.0651699830,tap,lctrl
040,1488,1168.7479140109,stimulus,
040,1488,1168.7526698095,tap,lctrl
040,1488,1169.4733766007,tap,rctrl
040,1489,1169.4979559524,stimulus,
040,1489,1170.2252373784,tap,lctrl
040,1490,1170.2479935301,stimulus,
040,1491,1170.9980758136,stimulus,
040,1491,1171.0093879225,tap,rctrl
040,1491,1171.6646543181,tap,lctrl
040,1492,1171.7481025705,stimulus,
040,1492,1172.4966652957,tap,rctrl
040,1493,1172.4981505089,stimulus,
040,1494,1173.2482073734,stimulus,
040,1494,1173.4565641245,tap,rctrl
040,1495,1173.9982770377,stimulus,
040,1495,1174.0971351485,tap,lctrl
040,1496,1174.7483484372,stimulus,
040,1496,1174.8492045683,tap,rctrl
040,1497,1175.4983867247,stimulus,
040,1497,1175.6488811067,tap,lctrl
040,1498,1176.2484167236,stimulus,
040,1498,1176.3529235342,tap,rctrl
040,1499,1176.9984822827,stimulus,
040,1499,1177.1048782858,tap,lctrl
040,1500,1177.7485471380,stimulus,
040,1500,1177.8890066469,tap,rctrl
040,1501,1178.4985922855,stimulus,
040,1501,1178.6565499237,tap,lctrl
040,1502,1179.2486343202,stimulus,
040,1502,1179.3928795824,tap,rctrl
040,1503,1179.9986758287,stimulus,
040,1503,1180.0969402170,tap,rctrl
040,1504,1180.7487270632,stimulus,
040,1504,1180.8010059131,tap,rctrl
040,1505,1181.4987798316,stimulus,
040,1505,1181.5841812210,tap,rctrl
040,1506,1182.2488307865,stimulus,
040,1506,1182.3527089008,tap,rctrl
040,1507,1182.9988782557,stimulus,
040,1507,1183.2003670851,tap,lctrl
040,1508,1183.7489333428,stimulus,
040,1508,1183.9522754708,tap,rctrl
040,1509,1184.4989949260,stimulus,
040,1509,1184.6729511830,tap,lctrl
040,1510,1185.2490356826,stimulus,
040,1510,1185.3603938437,tap,rctrl
040,1511,1185.9990967154,stimulus,
040,1511,1186.0967122004,tap,lctrl
040,1512,1186.7491532431,stimulus,
040,1512,1186.8320139443,tap,rctrl
040,1513,1187.4991977199,stimulus,
040,1513,1187.5683159945,tap,lctrl
040,1514,1188.2492437245,stimulus,
040,1514,1188.3524701506,tap,rctrl
040,1515,1188.9993017649,stimulus,
040,1515,1189.1043967373,tap,lctrl
040,1516,1189.7493382389,stimulus,
040,1516,1189.7928344714,tap,rctrl
040,1517,1190.4994029228,stimulus,
040,1517,1190.5447695603,tap,lctrl
040,1518,1191.2494439050,stimulus,
040,1518,1191.2644517750,tap,lctrl
040,1518,1191.9841640764,tap,lctrl
040,1519,1191.9995009199,stimulus,
040,1520,1192.7495592279,stimulus,
040,1520,1192.8962353432,tap,lctrl
040,1521,1193.4996253765,stimulus,
040,1521,1193.6159350673,tap,lctrl
040,1522,1194.2496765539,stimulus,
040,1522,1194.3844676914,tap,lctrl
040,1523,1194.9997149917,stimulus,
040,1523,1195.1363828889,tap,lctrl
040,1524,1195.7497749990,stimulus,
040,1524,1195.8727062018,tap,lctrl
040,1525,1196.4998300140,stimulus,
040,1525,1196.5757798230,tap,lctrl
040,1526,1197.2498787343,stimulus,
040,1526,1197.2642511925,tap,lctrl
040,1527,1197.9999480587,stimulus,
040,1527,1198.0806650405,tap,rctrl
040,1528,1198.7499996181,stimulus,
040,1528,1198.8325634624,tap,lctrl
040,1529,1199.5000435204,stimulus,
040,1529,1199.6000979665,tap,rctrl
040,1530,1200.2500838500,stimulus,
040,1530,1200.3998403652,tap,lctrl
040,1531,1201.0001464918,stimulus,
040,1531,1201.1039591940,tap,rctrl
040,1532,1201.7502203274,stimulus,
040,1532,1201.8558574175,tap,lctrl
040,1532,1202.4964503087,tap,rctrl
040,1533,1202.5002701966,stimulus,
040,1534,1203.2503474787,stimulus,
040,1534,1203.3597175923,tap,rctrl
040,1535,1204.0003893180,stimulus,
040,1535,1204.1117197955,tap,rctrl
040,1536,1204.7504303603,stimulus,
040,1536,1204.8635569736,tap,rctrl
040,1537,1205.5004756972,stimulus,
040,1537,1205.6164374707,tap,rctrl
040,1538,1206.2505349045,stimulus,
040,1538,1206.3840075109,tap,rctrl
040,1539,1207.0005771378,stimulus,
040,1539,1207.1359099839,tap,rctrl
040,1540,1207.7506447900,stimulus,
040,1540,1207.8722581444,tap,rctrl
040,1541,1208.5006813452,stimulus,
040,1541,1208.6075838216,tap,rctrl
040,1542,1209.2507442186,stimulus,
040,1542,1209.3917189676,tap,lctrl
040,1543,1210.0008001959,stimulus,
040,1543,1210.1114335155,tap,lctrl
040,1544,1210.7508535327,stimulus,
040,1544,1210.8154951095,tap,rctrl
040,1545,1211.5009007252,stimulus,
040,1545,1211.5361321699,tap,lctrl
040,1546,1212.2509595115,stimulus,
040,1546,1212.2558648678,tap,rctrl
040,1547,1213.0010264931,stimulus,
040,1547,1213.1835484759,tap,lctrl
040,1548,1213.7510779622,stimulus,
040,1548,1213.8876279822,tap,rctrl
040,1549,1214.5011318494,stimulus,
040,1549,1214.6073369934,tap,lctrl
040,1550,1215.2511679113,stimulus,
040,1550,1215.3436173659,tap,rctrl
040,1551,1216.0012308329,stimulus,
040,1551,1216.0955115804,tap,rctrl
040,1552,1216.7512883289,stimulus,
040,1552,1216.7839724298,tap,lctrl
040,1553,1217.5013460265,stimulus,
040,1553,1217.5359114133,tap,lctrl
040,1554,1218.2513931378,stimulus,
040,1554,1218.2878290799,tap,rctrl
040,1555,1219.0014433980,stimulus,
040,1555,1219.0876162927,tap,rctrl
040,1556,1219.7515059526,stimulus,
040,1556,1219.8395402930,tap,lctrl
040,1557,1220.5015479092,stimulus,
040,1557,1220.5436086026,tap,rctrl
040,1558,1221.2516097631,stimulus,
040,1558,1221.2955423561,tap,rctrl
040,1558,1221.9996058478,tap,rctrl
040,1559,1222.0016653674,stimulus,
040,1560,1222.7517239853,stimulus,
040,1560,1222.8950899371,tap,rctrl
040,1561,1223.5017565285,stimulus,
040,1561,1223.6313809589,tap,rctrl
040,1562,1224.2518002836,stimulus,
040,1562,1224.3832864123,tap,lctrl
040,1563,1225.0018560714,stimulus,
040,1563,1225.1030182892,tap,lctrl
040,1564,1228.3086927383,probe1,2
040,1565,1229.0704817688,stimulus,
040,1565,1229.2151585315,tap,rctrl
040,1566,1229.8205074761,stimulus,
040,1566,1229.9036153599,tap,lctrl
040,1567,1230.5705689992,stimulus,
040,1567,1230.6555195442,tap,rctrl
040,1568,1231.3206197946,stimulus,
040,1568,1231.4074555412,tap,lctrl
040,1569,1232.0706772967,stimulus,
040,1569,1232.1593349049,tap,rctrl
040,1570,1232.8207430753,stimulus,
040,1570,1232.8790695396,tap,lctrl
040,1571,1233.5707963941,stimulus,
040,1571,1233.6309783102,tap,rctrl
040,1572,1234.3208612193,stimulus,
040,1572,1234.3672956654,tap,lctrl
040,1573,1235.0709176387,stimulus,
040,1573,1235.1035709583,tap,rctrl
040,1574,1235.8209710507,stimulus,
040,1574,1235.8232852416,tap,rctrl
040,1574,1236.5429882769,tap,lctrl
040,1575,1236.5710038886,stimulus,
040,1575,1237.2949246860,tap,lctrl
040,1576,1237.3210590419,stimulus,
040,1577,1238.0711156267,stimulus,
040,1577,1238.0947004464,tap,rctrl
040,1578,1238.8211610118,stimulus,
040,1578,1238.9588969552,tap,rctrl
040,1579,1239.5712006045,stimulus,
040,1579,1239.6629752525,tap,rctrl
040,1580,1240.3212734747,stimulus,
040,1580,1240.3671281949,tap,lctrl
040,1581,1241.0713355451,stimulus,
040,1581,1241.1512002384,tap,lctrl
040,1582,1241.8213680733,stimulus,
040,1582,1241.8865407905,tap,rctrl
040,1583,1242.5714209680,stimulus,
040,1583,1242.6228268261,tap,rctrl
040,1584,1243.3214678086,stimulus,
040,1584,1243.4069984885,tap,rctrl
040,1585,1244.0715091066,stimulus,
040,1585,1244.1110480076,tap,lctrl
040,1585,1244.7985122468,tap,rctrl
040,1586,1244.8215545247,stimulus,
040,1586,1245.5192176576,tap,lctrl
040,1587,1245.5715956933,stimulus,
040,1587,1246.3189758244,tap,rctrl
040,1588,1246.3216309373,stimulus,
040,1588,1247.0708916805,tap,lctrl
040,1589,1247.0716723074,stimulus,
040,1590,1247.8217420829,stimulus,
040,1590,1247.8228301016,tap,rctrl
040,1591,1248.5718182613,stimulus,
040,1591,1248.7350507757,tap,rctrl
040,1592,1249.3218530511,stimulus,
040,1592,1249.4223648317,tap,lctrl
040,1593,1250.0719048210,stimulus,
040,1593,1250.1742841434,tap,rctrl
040,1594,1250.8219459595,stimulus,
040,1594,1250.9105969032,tap,lctrl
040,1595,1251.5719925656,stimulus,
040,1595,1251.6303057399,tap,rctrl
040,1596,1252.3220553818,stimulus,
040,1596,1252.3822139211,tap,lctrl
040,1597,1253.0720824876,stimulus,
040,1597,1253.0862953823,tap,rctrl
040,1597,1253.7591059122,tap,lctrl
040,1598,1253.8221188683,stimulus,
040,1598,1254.5422943327,tap,rctrl
040,1599,1254.5721668278,stimulus,
