# {'date': u'2018_mai_01_1202', 'frameRate': 99.784617265454031, 'expName': u'RNGT_HDtDCS', u'session': u'baseline', u'participant': u'050'}
subj,trial,time,stimulus,response
050,0,0.0001102778,stimulus,
050,0,0.3721960456,tap,rctrl
050,1,0.7501586237,stimulus,
050,1,1.0440887091,tap,rctrl
050,2,1.5002094417,stimulus,
050,2,1.7481117888,tap,lctrl
050,3,2.2502626808,stimulus,
050,3,2.4687945071,tap,rctrl
050,4,3.0003181423,stimulus,
050,4,3.1885018616,tap,lctrl
050,5,3.7503724791,stimulus,
050,5,3.9248165187,tap,lctrl
050,6,4.5004337120,stimulus,
050,6,4.6279286457,tap,rctrl
050,7,5.2504877901,stimulus,
050,7,5.4120598194,tap,rctrl
050,8,6.0005374834,stimulus,
050,8,6.1327409497,tap,lctrl
050,9,6.7505873540,stimulus,
050,9,6.9002936714,tap,lctrl
050,10,7.5006403615,stimulus,
050,10,7.6844261353,tap,rctrl
050,11,8.2506833361,stimulus,
050,11,8.4041625300,tap,rctrl
050,12,9.0007201152,stimulus,
050,12,9.0925936220,tap,lctrl
050,13,9.7507621003,stimulus,
050,13,10.0359232237,tap,lctrl
050,14,10.5008169514,stimulus,
050,14,10.7243768206,tap,lctrl
050,15,11.2508888066,stimulus,
050,15,11.4763163009,tap,rctrl
050,16,12.0009559642,stimulus,
050,16,12.3239018758,tap,rctrl
050,17,12.7510160242,stimulus,
050,17,12.9322986621,tap,lctrl
050,18,13.5010556785,stimulus,
050,18,13.6685769860,tap,rctrl
050,19,14.2510938081,stimulus,
050,19,14.4039052992,tap,rctrl
050,20,15.0011349360,stimulus,
050,20,15.1558583852,tap,lctrl
050,21,15.7511924667,stimulus,
050,21,15.8921639748,tap,rctrl
050,22,16.5012374021,stimulus,
050,22,16.6440705444,tap,lctrl
050,23,17.2512945780,stimulus,
050,23,17.4116358825,tap,rctrl
050,24,18.0013616243,stimulus,
050,24,18.1645412891,tap,lctrl
050,25,18.7514138017,stimulus,
050,25,18.8676614670,tap,rctrl
050,26,19.5014700302,stimulus,
050,26,19.7797447275,tap,rctrl
050,27,20.2515319668,stimulus,
050,27,20.4681699881,tap,rctrl
050,28,21.0015799097,stimulus,
050,28,21.2200708645,tap,rctrl
050,29,21.7516420809,stimulus,
050,29,21.8763458024,tap,lctrl
050,30,22.5016947034,stimulus,
050,30,22.7239407606,tap,lctrl
050,31,23.2517376118,stimulus,
050,31,23.4915023063,tap,rctrl
050,32,24.0017953380,stimulus,
050,32,24.1955560863,tap,lctrl
050,33,24.7518360900,stimulus,
050,33,24.9162579410,tap,lctrl
050,34,25.5019000958,stimulus,
050,34,25.6994603968,tap,rctrl
050,35,26.2519508808,stimulus,
050,35,26.3878837988,tap,lctrl
050,36,27.0020054942,stimulus,
050,36,27.1554453655,tap,lctrl
050,37,27.7520403697,stimulus,
050,37,27.8438837446,tap,rctrl
050,38,28.5020756120,stimulus,
050,38,28.6758781740,tap,lctrl
050,39,29.2521236963,stimulus,
050,39,29.3799526964,tap,rctrl
050,40,30.0021721985,stimulus,
050,40,30.2275802255,tap,rctrl
050,41,30.7522159821,stimulus,
050,41,30.9638766182,tap,rctrl
050,42,31.5022806405,stimulus,
050,42,31.6835876930,tap,lctrl
050,43,32.2523401471,stimulus,
050,43,32.3876698544,tap,rctrl
050,44,33.0023786646,stimulus,
050,44,33.1718486754,tap,lctrl
050,45,33.7524521559,stimulus,
050,45,33.9393965973,tap,lctrl
050,46,34.5025048205,stimulus,
050,46,34.6600687412,tap,lctrl
050,47,35.2525595693,stimulus,
050,47,35.4119863994,tap,lctrl
050,48,36.0026179842,stimulus,
050,48,36.0994514990,tap,rctrl
050,49,36.7526723150,stimulus,
050,49,36.8835991837,tap,rctrl
050,50,37.5027329073,stimulus,
050,50,37.6198866082,tap,rctrl
050,51,38.2527949071,stimulus,
050,51,38.3396009761,tap,lctrl
050,51,38.9958211060,tap,lctrl
050,52,39.0028349042,stimulus,
050,53,39.7528998934,stimulus,
050,53,40.2438227047,tap,rctrl
050,54,40.5029551535,stimulus,
050,54,40.7556367689,tap,rctrl
050,55,41.2530069941,stimulus,
050,55,41.4752592346,tap,lctrl
050,56,42.0030475867,stimulus,
050,56,42.1793089966,tap,rctrl
050,57,42.7531032468,stimulus,
050,57,42.9312623684,tap,lctrl
050,58,43.5031399808,stimulus,
050,58,43.6353320308,tap,rctrl
050,59,44.2532056888,stimulus,
050,59,44.4351208542,tap,lctrl
050,59,44.6118200581,tap,rctrl
050,60,45.0032476619,stimulus,
050,60,45.3471557215,tap,rctrl
050,61,45.7532989401,stimulus,
050,61,45.9555712985,tap,rctrl
050,62,46.5033557730,stimulus,
050,62,46.6429968469,tap,lctrl
050,63,47.2533934154,stimulus,
050,63,47.3949342460,tap,rctrl
050,64,48.0034342757,stimulus,
050,64,48.1791855259,tap,rctrl
050,65,48.7534786667,stimulus,
050,65,48.8832333150,tap,lctrl
050,66,49.5035518904,stimulus,
050,66,49.7474318465,tap,lctrl
050,67,50.2536034032,stimulus,
050,67,50.4671038001,tap,lctrl
050,68,51.0036527505,stimulus,
050,68,51.2190455932,tap,lctrl
050,69,51.7537227021,stimulus,
050,69,51.8909109760,tap,rctrl
050,70,52.5037865485,stimulus,
050,70,52.7072938089,tap,rctrl
050,71,53.2538246058,stimulus,
050,71,53.4270272232,tap,lctrl
050,72,54.0038720013,stimulus,
050,72,54.1632529795,tap,lctrl
050,73,54.7539185307,stimulus,
050,73,54.9630775256,tap,rctrl
050,74,55.5039835380,stimulus,
050,74,55.6827504567,tap,lctrl
050,75,56.2540391800,stimulus,
050,75,56.4034088806,tap,rctrl
050,76,57.0040848071,stimulus,
050,76,57.0909100067,tap,lctrl
050,77,57.7541314899,stimulus,
050,77,57.9394851887,tap,rctrl
050,78,58.5041665819,stimulus,
050,78,58.6747949487,tap,rctrl
050,79,59.2542138812,stimulus,
050,79,59.5234401325,tap,lctrl
050,80,60.0042636255,stimulus,
050,80,60.1952478892,tap,lctrl
050,81,60.7543088076,stimulus,
050,81,60.9950605558,tap,lctrl
050,82,61.5043601008,stimulus,
050,82,61.7469939821,tap,rctrl
050,83,62.2544200555,stimulus,
050,83,62.4510489740,tap,rctrl
050,84,66.3911060759,probe1,2
050,85,67.1538673943,stimulus,
050,85,67.6188702690,tap,lctrl
050,86,67.9038833678,stimulus,
050,86,68.0992787256,tap,lctrl
050,87,68.6539311814,stimulus,
050,87,68.8346391826,tap,rctrl
050,88,69.4039919842,stimulus,
050,88,69.6832288154,tap,rctrl
050,89,70.1540478939,stimulus,
050,89,70.3550456336,tap,lctrl
050,90,70.9041022758,stimulus,
050,90,71.1226274646,tap,lctrl
050,91,71.6541512954,stimulus,
050,91,71.8267027780,tap,rctrl
050,92,72.4042191567,stimulus,
050,92,72.5633087775,tap,rctrl
050,93,73.1542768618,stimulus,
050,93,73.3149083900,tap,lctrl
050,94,73.9043407293,stimulus,
050,94,74.0513902803,tap,rctrl
050,95,74.6544051320,stimulus,
050,95,74.8031492645,tap,lctrl
050,96,75.4044547260,stimulus,
050,96,75.5228424809,tap,lctrl
050,97,76.1545153755,stimulus,
050,97,76.2591487382,tap,rctrl
050,98,76.9045519261,stimulus,
050,98,77.0901990393,tap,rctrl
050,99,77.6546163379,stimulus,
050,99,77.8265002320,tap,rctrl
050,100,78.4046529035,stimulus,
050,100,78.5305758913,tap,rctrl
050,101,79.1547055531,stimulus,
050,101,79.3303916345,tap,lctrl
050,102,79.9047713062,stimulus,
050,102,80.0988766621,tap,rctrl
050,103,80.6548064252,stimulus,
050,103,80.7707250105,tap,lctrl
050,104,81.4048584102,stimulus,
050,104,81.5861114245,tap,lctrl
050,105,82.1549205273,stimulus,
050,105,82.3546493414,tap,rctrl
050,106,82.9049517576,stimulus,
050,106,83.0743492494,tap,lctrl
050,107,83.6549874662,stimulus,
050,107,83.8106433806,tap,rctrl
050,108,84.4050407383,stimulus,
050,108,84.5625968937,tap,lctrl
050,109,85.1550806031,stimulus,
050,109,85.2666669170,tap,lctrl
050,110,85.9051438811,stimulus,
050,110,85.9863632432,tap,rctrl
050,111,86.6551885729,stimulus,
050,111,86.8183712843,tap,rctrl
050,112,87.4052485818,stimulus,
050,112,87.6025159645,tap,rctrl
050,113,88.1553086357,stimulus,
050,113,88.3388033649,tap,lctrl
050,114,88.9058865094,stimulus,
050,114,89.1386061670,tap,lctrl
050,115,89.6553944405,stimulus,
050,115,89.7626099934,tap,rctrl
050,116,90.4054364647,stimulus,
050,116,90.5301467605,tap,rctrl
050,117,91.1555043681,stimulus,
050,117,91.3621395387,tap,lctrl
050,118,91.9055492584,stimulus,
050,118,92.1306770496,tap,rctrl
050,119,92.6556181604,stimulus,
050,119,92.8181380621,tap,rctrl
050,120,93.4056782985,stimulus,
050,120,93.5222298684,tap,rctrl
050,121,94.1557220941,stimulus,
050,121,94.2741841485,tap,lctrl
050,122,94.9057796309,stimulus,
050,122,95.0104859036,tap,lctrl
050,123,95.6558293361,stimulus,
050,123,95.7301923348,tap,lctrl
050,124,96.4058750024,stimulus,
050,124,96.5943963369,tap,lctrl
050,125,97.1559090748,stimulus,
050,125,97.3141129575,tap,rctrl
050,126,97.9059515892,stimulus,
050,126,98.1304775832,tap,rctrl
050,127,98.6560006509,stimulus,
050,127,98.8023101274,tap,lctrl
050,128,99.4060405819,stimulus,
050,128,99.5864658240,tap,lctrl
050,129,100.1560989848,stimulus,
050,129,100.3218143864,tap,rctrl
050,130,100.9061361489,stimulus,
050,130,101.0424799771,tap,rctrl
050,131,101.6561960826,stimulus,
050,131,101.8256646618,tap,rctrl
050,132,102.4062418029,stimulus,
050,132,102.5140957689,tap,lctrl
050,133,103.1563027020,stimulus,
050,133,103.2816322143,tap,lctrl
050,134,103.9063563711,stimulus,
050,134,104.0501957788,tap,lctrl
050,135,104.6563928074,stimulus,
050,135,104.8177320257,tap,rctrl
050,136,105.4064274513,stimulus,
050,136,105.5218122834,tap,lctrl
050,137,106.1564944826,stimulus,
050,137,106.3381886743,tap,rctrl
050,138,106.9065319866,stimulus,
050,138,107.0735115319,tap,lctrl
050,139,107.6565914781,stimulus,
050,139,107.7775962106,tap,rctrl
050,140,108.4066462780,stimulus,
050,140,108.6418419834,tap,rctrl
050,141,109.1566974961,stimulus,
050,141,109.3781494045,tap,lctrl
050,142,109.9067436255,stimulus,
050,142,110.0499991785,tap,lctrl
050,143,110.6567911202,stimulus,
050,143,110.7862591659,tap,rctrl
050,144,111.4068251867,stimulus,
050,144,111.6016555436,tap,rctrl
050,145,112.1568677883,stimulus,
050,145,112.2901665230,tap,lctrl
050,146,112.9069091749,stimulus,
050,146,113.0420629154,tap,lctrl
050,147,113.6569611147,stimulus,
050,147,113.7617667662,tap,rctrl
050,148,114.4070016954,stimulus,
050,148,114.4980408766,tap,rctrl
050,149,115.1570471631,stimulus,
050,149,115.2333921067,tap,lctrl
050,150,115.9071104772,stimulus,
050,150,116.0341392264,tap,lctrl
050,151,116.6571606997,stimulus,
050,151,116.8661337760,tap,lctrl
050,152,117.4072252769,stimulus,
050,152,117.6014716379,tap,rctrl
050,153,118.1572852256,stimulus,
050,153,118.3221402541,tap,rctrl
050,154,118.9073393759,stimulus,
050,154,119.0574611418,tap,lctrl
050,155,119.6573797400,stimulus,
050,155,119.7937686712,tap,lctrl
050,156,120.4074272769,stimulus,
050,156,120.5302047548,tap,rctrl
050,157,121.1574950660,stimulus,
050,157,121.2976269826,tap,lctrl
050,158,121.9075361970,stimulus,
050,158,122.0495879452,tap,rctrl
050,159,122.6576026900,stimulus,
050,159,122.8336903765,tap,rctrl
050,160,123.4076552433,stimulus,
050,160,123.6178492791,tap,rctrl
050,161,124.1577367465,stimulus,
050,161,124.2897168753,tap,lctrl
050,162,124.9077619048,stimulus,
050,162,125.0260400285,tap,lctrl
050,163,125.6578088132,stimulus,
050,163,125.7779149475,tap,rctrl
050,164,126.4078654657,stimulus,
050,164,126.6577895164,tap,rctrl
050,165,127.1579200340,stimulus,
050,165,127.3618791995,tap,rctrl
050,166,127.9079843706,stimulus,
050,166,128.1138447816,tap,lctrl
050,167,128.6580430442,stimulus,
050,167,128.8491288880,tap,lctrl
050,168,129.4080920727,stimulus,
050,168,129.5698109987,tap,lctrl
050,169,130.1581451734,stimulus,
050,169,130.3695477629,tap,rctrl
050,170,130.9082040876,stimulus,
050,170,131.0570519686,tap,rctrl
050,171,131.6582508185,stimulus,
050,171,131.7933429058,tap,lctrl
050,172,132.4083034921,stimulus,
050,172,132.5774935709,tap,lctrl
050,173,133.1583591040,stimulus,
050,173,133.3616365549,tap,lctrl
050,174,133.9084028094,stimulus,
050,174,134.0491077417,tap,rctrl
050,175,134.6584696663,stimulus,
050,175,134.7698115964,tap,rctrl
050,176,135.4085146077,stimulus,
050,176,135.4894741126,tap,rctrl
050,177,136.1585815458,stimulus,
050,177,136.3537233289,tap,lctrl
050,178,136.9086491184,stimulus,
050,178,137.0568120458,tap,lctrl
050,179,137.6586825533,stimulus,
050,179,137.8409838443,tap,rctrl
050,180,138.4087355427,stimulus,
050,180,138.5616617656,tap,rctrl
050,181,139.1588038431,stimulus,
050,181,139.3135981483,tap,lctrl
050,182,139.9088411215,stimulus,
050,182,140.0811308764,tap,lctrl
050,183,140.6588731309,stimulus,
050,183,140.8008404745,tap,rctrl
050,184,141.4089256541,stimulus,
050,184,141.5215032893,tap,rctrl
050,185,142.1589704693,stimulus,
050,185,142.2890914420,tap,lctrl
050,186,142.9090095642,stimulus,
050,186,143.0410069017,tap,lctrl
050,187,143.6590568785,stimulus,
050,187,143.7772893218,tap,rctrl
050,188,144.4091166347,stimulus,
050,188,144.4970099994,tap,rctrl
050,189,145.1591760932,stimulus,
050,189,145.2488997573,tap,lctrl
050,190,145.9092323728,stimulus,
050,190,146.0975850907,tap,lctrl
050,191,149.9916750999,probe1,2
050,192,150.7534569223,stimulus,
050,192,151.2487338091,tap,lctrl
050,193,151.5034836536,stimulus,
050,193,151.6969402897,tap,lctrl
050,194,152.2535343302,stimulus,
050,194,152.4010209835,tap,rctrl
050,195,153.0035845017,stimulus,
050,195,153.2330293043,tap,rctrl
050,196,153.7536209951,stimulus,
050,196,153.9527190050,tap,lctrl
050,197,154.5036883753,stimulus,
050,197,154.7046683318,tap,lctrl
050,198,155.2537458428,stimulus,
050,198,155.3931104793,tap,rctrl
050,199,156.0037890880,stimulus,
050,199,156.1284206544,tap,rctrl
050,200,156.7538120299,stimulus,
050,200,156.8168726333,tap,lctrl
050,201,157.5038822400,stimulus,
050,201,157.6166442540,tap,lctrl
050,202,158.2539453827,stimulus,
050,202,158.3685888049,tap,rctrl
050,203,159.0039921136,stimulus,
050,203,159.1048946562,tap,rctrl
050,204,159.7540416654,stimulus,
050,204,159.9046714798,tap,lctrl
050,205,160.5040885888,stimulus,
050,205,160.6409511239,tap,lctrl
050,206,161.2541335633,stimulus,
050,206,161.3284179859,tap,rctrl
050,207,162.0041834400,stimulus,
050,207,162.0969725852,tap,rctrl
050,208,162.7542449436,stimulus,
050,208,162.8645020472,tap,lctrl
050,209,163.5042918940,stimulus,
050,209,163.6809068317,tap,lctrl
050,210,164.2543389557,stimulus,
050,210,164.4005622382,tap,rctrl
050,211,165.0043998277,stimulus,
050,211,165.1368626520,tap,rctrl
050,212,165.7544430579,stimulus,
050,212,165.8893453921,tap,lctrl
050,213,166.5045085043,stimulus,
050,213,166.5606697677,tap,lctrl
050,214,167.2545531660,stimulus,
050,214,167.3448087066,tap,rctrl
050,215,168.0046027359,stimulus,
050,215,168.1445868054,tap,rctrl
050,216,168.7546414218,stimulus,
050,216,168.8487175735,tap,lctrl
050,217,169.5046939752,stimulus,
050,217,169.6484935279,tap,lctrl
050,218,170.2547359543,stimulus,
050,218,170.4169780592,tap,rctrl
050,219,171.0047802822,stimulus,
050,219,171.1044360222,tap,lctrl
050,220,171.7548426880,stimulus,
050,220,171.8407613076,tap,rctrl
050,221,172.5048927421,stimulus,
050,221,172.6249173471,tap,lctrl
050,222,173.2549412143,stimulus,
050,222,173.4081031235,tap,rctrl
050,223,174.0049968112,stimulus,
050,223,174.1121620703,tap,lctrl
050,224,174.7550474518,stimulus,
050,224,174.8641017220,tap,rctrl
050,225,175.5051122516,stimulus,
050,225,175.6648767390,tap,lctrl
050,226,176.2551580140,stimulus,
050,226,176.3522912289,tap,rctrl
050,227,177.0052104862,stimulus,
050,227,177.0886283278,tap,lctrl
050,228,177.7552585764,stimulus,
050,228,177.8405679524,tap,rctrl
050,229,178.5052900414,stimulus,
050,229,178.6080886928,tap,lctrl
050,230,179.2553335212,stimulus,
050,230,179.4400918738,tap,rctrl
050,231,180.0053699064,stimulus,
050,231,180.1763969612,tap,lctrl
050,232,180.7554190944,stimulus,
050,232,180.9761898386,tap,rctrl
050,233,181.5054882069,stimulus,
050,233,181.6324059926,tap,lctrl
050,234,182.2555395482,stimulus,
050,234,182.4321685307,tap,rctrl
050,235,183.0055872475,stimulus,
050,235,183.1841210153,tap,lctrl
050,236,183.7556362430,stimulus,
050,236,183.9204014775,tap,rctrl
050,237,184.5056955601,stimulus,
050,237,184.6401543561,tap,lctrl
050,238,185.2557393166,stimulus,
050,238,185.4242826577,tap,lctrl
050,239,186.0057856295,stimulus,
050,239,186.1605597274,tap,lctrl
050,240,186.7558199455,stimulus,
050,240,186.8802869794,tap,rctrl
050,241,187.5058729861,stimulus,
050,241,187.5843664642,tap,rctrl
050,241,187.6643645149,tap,rctrl
050,242,188.2559281048,stimulus,
050,242,188.3841372127,tap,rctrl
050,243,189.0059533323,stimulus,
050,243,189.2005104729,tap,lctrl
050,244,189.7560105502,stimulus,
050,244,189.8723413479,tap,rctrl
050,245,190.5060616058,stimulus,
050,245,190.6076782655,tap,rctrl
050,246,191.2561099637,stimulus,
050,246,191.3596145849,tap,lctrl
050,247,192.0061446467,stimulus,
050,247,192.0636858563,tap,rctrl
050,248,192.7561863852,stimulus,
050,248,192.8644433819,tap,lctrl
050,249,193.5062468782,stimulus,
050,249,193.6476012309,tap,lctrl
050,250,194.2563085202,stimulus,
050,250,194.3682576669,tap,lctrl
050,251,195.0063571427,stimulus,
050,251,195.1358221930,tap,lctrl
050,252,195.7563883972,stimulus,
050,252,195.8721278638,tap,lctrl
050,253,196.5064407701,stimulus,
050,253,196.5283504236,tap,rctrl
050,253,197.2314424336,tap,rctrl
050,254,197.2564746801,stimulus,
050,255,198.0065531458,stimulus,
050,255,198.0956954755,tap,rctrl
050,256,198.7565897866,stimulus,
050,256,198.9921457715,tap,lctrl
050,257,199.5066476030,stimulus,
050,257,199.6161918979,tap,rctrl
050,258,200.2566905746,stimulus,
050,258,200.3358553043,tap,lctrl
050,259,201.0067400092,stimulus,
050,259,201.1834921174,tap,rctrl
050,260,201.7567985474,stimulus,
050,260,201.8875700233,tap,rctrl
050,261,205.5414776730,probe1,2
050,262,206.3032559496,stimulus,
050,262,206.6559938966,tap,lctrl
050,263,207.0532902206,stimulus,
050,263,207.1998639963,tap,lctrl
050,264,207.8033465603,stimulus,
050,264,207.8560881231,tap,rctrl
050,265,208.5534128458,stimulus,
050,265,208.7037017727,tap,rctrl
050,266,209.3034339650,stimulus,
050,266,209.4077586413,tap,lctrl
050,267,210.0534815681,stimulus,
050,267,210.2075440753,tap,lctrl
050,268,210.8035221637,stimulus,
050,268,210.8794128384,tap,rctrl
050,269,211.5535890026,stimulus,
050,269,211.6957804145,tap,rctrl
050,270,212.3036157067,stimulus,
050,270,212.3676191030,tap,lctrl
050,271,213.0536853695,stimulus,
050,271,213.1351955717,tap,lctrl
050,272,213.8037418957,stimulus,
050,272,213.9052284072,tap,rctrl
050,273,214.5537981242,stimulus,
050,273,214.6234668337,tap,rctrl
050,274,215.3038347771,stimulus,
050,274,215.3910327853,tap,lctrl
050,275,216.0538899319,stimulus,
050,275,216.1917507145,tap,lctrl
050,276,216.8039474385,stimulus,
050,276,216.9114374017,tap,rctrl
050,277,217.5539878657,stimulus,
050,277,217.6956113897,tap,rctrl
050,278,218.3040224404,stimulus,
050,278,218.4631469539,tap,lctrl
050,279,219.0540847229,stimulus,
050,279,219.2150768704,tap,lctrl
050,280,219.8041460160,stimulus,
050,280,219.8713099354,tap,rctrl
050,281,220.5541994234,stimulus,
050,281,220.6075915134,tap,lctrl
050,282,221.3042545451,stimulus,
050,282,221.4073573747,tap,rctrl
050,283,222.0543031106,stimulus,
050,283,222.1436589824,tap,rctrl
050,284,222.8043460851,stimulus,
050,284,222.8311661535,tap,lctrl
050,285,223.5544040158,stimulus,
050,285,223.6309364329,tap,rctrl
050,286,224.3044553842,stimulus,
050,286,224.4472699614,tap,lctrl
050,287,225.0545210261,stimulus,
050,287,225.2314661265,tap,lctrl
050,288,225.8045700697,stimulus,
050,288,225.9990284511,tap,lctrl
050,289,226.5546370769,stimulus,
050,289,226.7353549426,tap,lctrl
050,290,227.3046890438,stimulus,
050,290,227.5028368535,tap,lctrl
050,291,228.0547610585,stimulus,
050,291,228.2235322001,tap,rctrl
050,292,228.8048135366,stimulus,
050,292,228.9754868982,tap,rctrl
050,293,229.5548575307,stimulus,
050,293,229.6795645755,tap,rctrl
050,294,230.3049049353,stimulus,
050,294,230.4471026298,tap,lctrl
050,295,231.0549383581,stimulus,
050,295,231.2468854413,tap,lctrl
050,296,231.8049993955,stimulus,
050,296,231.9030944796,tap,rctrl
050,297,232.5550721169,stimulus,
050,297,232.7194913724,tap,rctrl
050,298,233.3051111096,stimulus,
050,298,233.4225892260,tap,lctrl
050,299,234.0551572901,stimulus,
050,299,234.3034007111,tap,rctrl
050,300,234.8052102555,stimulus,
050,300,234.9908815488,tap,rctrl
050,301,235.5552518376,stimulus,
050,301,235.7428060940,tap,lctrl
050,302,236.3053068871,stimulus,
050,302,236.4947218334,tap,rctrl
050,303,237.0553629592,stimulus,
050,303,237.2632571097,tap,lctrl
050,304,237.8054253620,stimulus,
050,304,237.9351256623,tap,rctrl
050,305,238.5554593201,stimulus,
050,305,238.7505103861,tap,lctrl
050,306,239.3055051067,stimulus,
050,306,239.4868172087,tap,rctrl
050,307,240.0555497353,stimulus,
050,307,240.2064861068,tap,lctrl
050,308,240.8056068660,stimulus,
050,308,240.9750650605,tap,rctrl
050,309,241.5556735094,stimulus,
050,309,241.7103940474,tap,lctrl
050,310,242.3057151667,stimulus,
050,310,242.3987926046,tap,rctrl
050,311,243.0557526947,stimulus,
050,311,243.1829737324,tap,lctrl
050,312,243.8057960271,stimulus,
050,312,243.9671221779,tap,rctrl
050,313,244.5558744026,stimulus,
050,313,244.7503419116,tap,lctrl
050,314,245.3059128479,stimulus,
050,314,245.4387686308,tap,lctrl
050,315,246.0559561623,stimulus,
050,315,246.2385339599,tap,rctrl
050,316,246.8060003128,stimulus,
050,316,246.9748309872,tap,rctrl
050,317,247.5560611938,stimulus,
050,317,247.6945535084,tap,rctrl
050,318,248.3061040360,stimulus,
050,318,248.4464411039,tap,lctrl
050,319,249.0561695124,stimulus,
050,319,249.2462504563,tap,lctrl
050,320,249.8062177771,stimulus,
050,320,249.9024639667,tap,lctrl
050,321,250.5562704538,stimulus,
050,321,250.7344745100,tap,rctrl
050,322,251.3063234522,stimulus,
050,322,251.4385423890,tap,rctrl
050,323,252.0563646013,stimulus,
050,323,252.1904539870,tap,rctrl
050,324,252.8064305499,stimulus,
050,324,252.8945610894,tap,lctrl
050,325,253.5564982698,stimulus,
050,325,253.5663582869,tap,lctrl
050,326,254.3065552201,stimulus,
050,326,254.4628630391,tap,lctrl
050,327,255.0566135839,stimulus,
050,327,255.2303926665,tap,rctrl
050,328,255.8066562396,stimulus,
050,328,256.2547736090,tap,rctrl
050,329,256.5567091839,stimulus,
050,329,256.7020256941,tap,rctrl
050,330,257.3067579539,stimulus,
050,330,257.4549299097,tap,lctrl
050,331,260.5795779544,probe1,2
050,332,261.3423419374,stimulus,
050,332,261.5661908242,tap,lctrl
050,333,262.0923500735,stimulus,
050,333,262.2223866447,tap,lctrl
050,334,262.8423915052,stimulus,
050,334,263.0387270994,tap,rctrl
050,335,263.5924513907,stimulus,
050,335,263.7908638726,tap,rctrl
050,336,264.3424949307,stimulus,
050,336,264.5103457543,tap,lctrl
050,337,265.0925469938,stimulus,
050,337,265.2778823951,tap,lctrl
050,338,265.8425891534,stimulus,
050,338,265.9821355461,tap,lctrl
050,339,266.5926386962,stimulus,
050,339,266.7026624294,tap,rctrl
050,340,267.3427005667,stimulus,
050,340,267.5024112956,tap,rctrl
050,341,268.0927357218,stimulus,
050,341,268.2377236512,tap,rctrl
050,342,268.8427897849,stimulus,
050,342,268.9261980598,tap,lctrl
050,343,269.5928551110,stimulus,
050,343,269.7259680143,tap,lctrl
050,344,270.3429069335,stimulus,
050,344,270.4300597214,tap,rctrl
050,345,271.0929450209,stimulus,
050,345,271.1663521774,tap,lctrl
050,346,271.8429893218,stimulus,
050,346,271.9817563836,tap,rctrl
050,347,272.5930451051,stimulus,
050,347,272.7337099749,tap,lctrl
050,348,273.3430958961,stimulus,
050,348,273.4545036416,tap,rctrl
050,349,274.0931326933,stimulus,
050,349,274.2541341128,tap,rctrl
050,350,274.8432112793,stimulus,
050,350,274.9738878967,tap,lctrl
050,351,275.5932662055,stimulus,
050,351,275.7736215150,tap,lctrl
050,352,276.3433074959,stimulus,
050,352,276.4464518315,tap,rctrl
050,353,277.0933555501,stimulus,
050,353,277.2618977543,tap,lctrl
050,354,277.8434260520,stimulus,
050,354,277.9815585262,tap,rctrl
050,355,278.5934877450,stimulus,
050,355,278.7022078525,tap,rctrl
050,356,279.3435316549,stimulus,
050,356,279.5020010638,tap,rctrl
050,357,280.0935885811,stimulus,
050,357,280.1738648345,tap,rctrl
050,358,280.8436360638,stimulus,
050,358,280.8935640148,tap,lctrl
050,359,281.5936723919,stimulus,
050,359,281.7577783565,tap,lctrl
050,360,282.3437109755,stimulus,
050,360,282.4296111564,tap,rctrl
050,361,283.0937606718,stimulus,
050,361,283.2137688169,tap,lctrl
050,362,283.8438021185,stimulus,
050,362,283.9334825563,tap,rctrl
050,363,284.5938617605,stimulus,
050,363,284.7020062959,tap,lctrl
050,364,285.3439074478,stimulus,
050,364,285.4216941982,tap,rctrl
050,365,286.0939508494,stimulus,
050,365,286.1736489173,tap,lctrl
050,366,286.8439981036,stimulus,
050,366,286.9734109983,tap,lctrl
050,367,287.5940576342,stimulus,
050,367,287.6941099599,tap,rctrl
050,368,288.3441014659,stimulus,
050,368,288.4616667357,tap,rctrl
050,369,289.0941550087,stimulus,
050,369,289.1657250088,tap,lctrl
050,370,289.8443335809,stimulus,
050,370,289.9020411305,tap,rctrl
050,371,290.5942366752,stimulus,
050,371,290.7174316828,tap,rctrl
050,372,291.3442972916,stimulus,
050,372,291.4214811831,tap,lctrl
050,373,292.0943422210,stimulus,
050,373,292.1255714858,tap,lctrl
050,374,292.8443971652,stimulus,
050,374,292.8941093635,tap,rctrl
050,375,293.5944430661,stimulus,
050,375,293.6460576196,tap,lctrl
050,376,294.3445093515,stimulus,
050,376,294.4291942059,tap,rctrl
050,377,295.0945478269,stimulus,
050,377,295.1655207605,tap,lctrl
050,378,295.8445982329,stimulus,
050,378,295.9340492761,tap,lctrl
050,379,296.5946440255,stimulus,
050,379,296.6859464443,tap,lctrl
050,380,297.3446835956,stimulus,
050,380,297.3734160251,tap,rctrl
050,380,298.0618944727,tap,lctrl
050,381,298.0947291174,stimulus,
050,382,298.8447854331,stimulus,
050,382,298.9095468284,tap,rctrl
050,383,299.5948273641,stimulus,
050,383,299.6614460448,tap,rctrl
050,384,300.3448814963,stimulus,
050,384,300.3811574413,tap,lctrl
050,385,301.0949261160,stimulus,
050,385,301.1818836561,tap,lctrl
050,386,301.8449712589,stimulus,
050,386,301.8537546117,tap,rctrl
050,387,302.5950219386,stimulus,
050,387,302.7013586074,tap,rctrl
050,388,303.3450577584,stimulus,
050,388,303.4376813967,tap,rctrl
050,389,304.0951050306,stimulus,
050,389,304.2374648277,tap,lctrl
050,390,304.8451688229,stimulus,
050,390,304.9572033817,tap,rctrl
050,391,305.5952006247,stimulus,
050,391,305.6768729294,tap,lctrl
050,392,306.3452481315,stimulus,
050,392,306.4131552893,tap,rctrl
050,393,307.0952874309,stimulus,
050,393,307.1973341915,tap,lctrl
050,393,307.8369894782,tap,rctrl
050,394,307.8453277740,stimulus,
050,395,311.9098003948,probe1,3
050,396,312.6725585403,stimulus,
050,396,313.0047637364,tap,lctrl
050,397,313.4225647637,stimulus,
050,397,313.5652578632,tap,lctrl
050,398,314.1726242041,stimulus,
050,398,314.2693454682,tap,rctrl
050,399,314.9226931090,stimulus,
050,399,315.0847297559,tap,rctrl
050,400,315.6727595478,stimulus,
050,400,315.7087392784,tap,lctrl
050,401,316.4228149372,stimulus,
050,401,316.4772311900,tap,rctrl
050,402,317.1728801009,stimulus,
050,402,317.2926447073,tap,lctrl
050,403,317.9229439082,stimulus,
050,403,318.0133345171,tap,rctrl
050,404,318.6729983983,stimulus,
050,404,318.7652948602,tap,lctrl
050,405,319.4230524975,stimulus,
050,405,319.4849685161,tap,rctrl
050,406,320.1731222024,stimulus,
050,406,320.3013645669,tap,lctrl
050,407,320.9231586417,stimulus,
050,407,321.0210491008,tap,rctrl
050,408,321.6732062689,stimulus,
050,408,321.7085035660,tap,lctrl
050,409,322.4232692491,stimulus,
050,409,322.4926804772,tap,rctrl
050,410,323.1733066237,stimulus,
050,410,323.2445928091,tap,lctrl
050,410,323.9164613828,tap,rctrl
050,411,323.9233573245,stimulus,
050,412,324.6734002268,stimulus,
050,412,324.7328543900,tap,lctrl
050,413,325.4234483773,stimulus,
050,413,325.4847305963,tap,rctrl
050,414,326.1735105455,stimulus,
050,414,326.2210574968,tap,lctrl
050,415,326.9235449427,stimulus,
050,415,326.9886279175,tap,lctrl
050,416,327.6735855865,stimulus,
050,416,327.7884363525,tap,rctrl
050,417,328.4236420676,stimulus,
050,417,328.4924431889,tap,rctrl
050,418,329.1737013336,stimulus,
050,418,329.2610982587,tap,lctrl
050,419,329.9237494599,stimulus,
050,419,330.0285595204,tap,lctrl
050,420,330.6737841640,stimulus,
050,420,330.8126868926,tap,lctrl
050,421,331.4238172440,stimulus,
050,421,331.5646227700,tap,lctrl
050,422,332.1738609523,stimulus,
050,422,332.2208305421,tap,rctrl
050,423,332.9239137252,stimulus,
050,423,333.0362535840,tap,rctrl
050,424,333.6739613824,stimulus,
050,424,333.7569415142,tap,lctrl
050,425,334.4240137072,stimulus,
050,425,334.5088549499,tap,lctrl
050,426,335.1740775776,stimulus,
050,426,335.1963763132,tap,rctrl
050,427,335.9241218183,stimulus,
050,427,335.9970835900,tap,rctrl
050,428,336.6741830723,stimulus,
050,428,336.7001956508,tap,rctrl
050,429,337.4242204018,stimulus,
050,429,337.6123061288,tap,lctrl
050,430,338.1742589253,stimulus,
050,430,338.2840965565,tap,lctrl
050,431,338.9243264889,stimulus,
050,431,339.0203902605,tap,lctrl
050,432,339.6743793490,stimulus,
050,432,339.8524306259,tap,lctrl
050,433,340.4244455021,stimulus,
050,433,340.5242444426,tap,rctrl
050,434,341.1744933157,stimulus,
050,434,341.2762107526,tap,rctrl
050,435,341.9245507020,stimulus,
050,435,342.0281259566,tap,rctrl
050,436,342.6745955984,stimulus,
050,436,342.7966607938,tap,lctrl
050,437,343.4246274483,stimulus,
050,437,343.5163412556,tap,lctrl
050,437,344.0925037989,tap,rctrl
050,438,344.1746611538,stimulus,
050,439,344.9247040021,stimulus,
050,439,345.0524357317,tap,lctrl
050,440,345.6747671567,stimulus,
050,440,345.7721124913,tap,rctrl
050,441,346.4248024442,stimulus,
050,441,346.5084084359,tap,lctrl
050,442,347.1748456924,stimulus,
050,442,347.2760084411,tap,rctrl
050,443,347.9248961947,stimulus,
050,443,348.1880840084,tap,lctrl
050,444,348.6749354971,stimulus,
050,444,348.8442679885,tap,lctrl
050,445,349.4249728267,stimulus,
050,445,349.5805664474,tap,rctrl
050,446,350.1750183305,stimulus,
050,446,350.2847051282,tap,lctrl
050,447,350.9250541623,stimulus,
050,447,351.0522446411,tap,rctrl
050,448,351.6751104269,stimulus,
050,448,351.8207544111,tap,lctrl
050,449,352.4251591728,stimulus,
050,449,352.5082620965,tap,rctrl
050,450,353.1752038285,stimulus,
050,450,353.2601602301,tap,lctrl
050,451,353.9252560360,stimulus,
050,451,354.0120808446,tap,rctrl
050,452,354.6752918798,stimulus,
050,452,354.8118748980,tap,lctrl
050,453,355.4253412904,stimulus,
050,453,355.5160654094,tap,rctrl
050,454,356.1753991579,stimulus,
050,454,356.2844530401,tap,rctrl
050,455,356.9254445565,stimulus,
050,455,357.1643007523,tap,lctrl
050,456,357.6754937445,stimulus,
050,456,357.8519398038,tap,rctrl
050,457,358.4255295282,stimulus,
050,457,358.5724607263,tap,rctrl
050,458,359.1755642442,stimulus,
050,458,359.3243807995,tap,lctrl
050,459,359.9256342018,stimulus,
050,459,360.0440637063,tap,rctrl
050,460,360.6756793778,stimulus,
050,460,360.8282510835,tap,rctrl
050,461,361.4257429986,stimulus,
050,461,361.5156850499,tap,lctrl
050,462,362.1757917385,stimulus,
050,462,362.2363873858,tap,rctrl
050,463,362.9258320996,stimulus,
050,463,363.0840253779,tap,rctrl
050,464,363.6758753598,stimulus,
050,464,363.8203288442,tap,lctrl
050,465,364.4259252275,stimulus,
050,465,364.5556430042,tap,lctrl
050,466,365.1759739403,stimulus,
050,466,365.3075940091,tap,lctrl
050,467,365.9260197298,stimulus,
050,467,365.9960495399,tap,rctrl
050,468,366.6760721839,stimulus,
050,468,366.7635890679,tap,lctrl
050,469,367.4261138081,stimulus,
050,469,367.6121917741,tap,lctrl
050,470,368.1761838679,stimulus,
050,470,368.3318623113,tap,rctrl
050,471,368.9262203704,stimulus,
050,471,369.0681864840,tap,rctrl
050,472,369.6762645149,stimulus,
050,472,369.9001945853,tap,lctrl
050,473,370.4263144337,stimulus,
050,473,370.5241564123,tap,lctrl
050,474,373.6332158949,probe1,3
050,475,374.3949938678,stimulus,
050,475,374.6520153364,tap,lctrl
050,476,375.1449981904,stimulus,
050,476,375.2759700809,tap,lctrl
050,477,375.8950645420,stimulus,
050,477,376.0914051136,tap,rctrl
050,478,376.6451124638,stimulus,
050,478,376.8433524494,tap,rctrl
050,479,377.3951793297,stimulus,
050,479,377.5796096157,tap,lctrl
050,480,378.1452211373,stimulus,
050,480,378.2992913978,tap,lctrl
050,481,378.8952584488,stimulus,
050,481,379.0033705818,tap,rctrl
050,482,379.6453120217,stimulus,
050,482,379.7074730797,tap,rctrl
050,483,380.3953667525,stimulus,
050,483,380.5394763811,tap,lctrl
050,484,381.1454004760,stimulus,
050,484,381.2435326632,tap,lctrl
050,485,381.8954388522,stimulus,
050,485,381.9798241328,tap,rctrl
050,486,382.6454991558,stimulus,
050,486,382.7796485856,tap,rctrl
050,487,383.3955377755,stimulus,
050,487,383.4836723180,tap,lctrl
050,488,384.1455820884,stimulus,
050,488,384.2678335092,tap,rctrl
050,489,384.8956841567,stimulus,
050,489,385.0031713741,tap,lctrl
050,490,385.6456897123,stimulus,
050,490,385.8039096819,tap,rctrl
050,491,386.3957407890,stimulus,
050,491,386.5558576553,tap,lctrl
050,492,387.1457942536,stimulus,
050,492,387.2276788193,tap,lctrl
050,493,387.8958600909,stimulus,
050,493,388.0597115878,tap,rctrl
050,494,388.6458960220,stimulus,
050,494,388.7471813129,tap,rctrl
050,495,389.3959675585,stimulus,
050,495,389.4678482149,tap,lctrl
050,496,390.1460009873,stimulus,
050,496,390.2510115315,tap,lctrl
050,497,390.8960670081,stimulus,
050,497,390.9716900904,tap,rctrl
050,498,391.6461235523,stimulus,
050,498,391.8193516429,tap,rctrl
050,499,392.3961650141,stimulus,
050,499,392.4755496228,tap,lctrl
050,500,393.1462140728,stimulus,
050,500,393.2431253577,tap,rctrl
050,501,393.8962476460,stimulus,
050,501,394.1073265809,tap,lctrl
050,502,394.6462939498,stimulus,
050,502,394.7313339560,tap,rctrl
050,503,395.3963420822,stimulus,
050,503,395.5955965255,tap,lctrl
050,504,396.1467764245,stimulus,
050,504,396.3309176117,tap,rctrl
050,505,396.8964223833,stimulus,
050,505,397.0515907391,tap,lctrl
050,506,397.6464909724,stimulus,
050,506,397.8035030500,tap,rctrl
050,507,398.3965612488,stimulus,
050,507,398.5710812029,tap,lctrl
050,508,399.1465955438,stimulus,
050,508,399.3395596381,tap,rctrl
050,509,399.8966680126,stimulus,
050,509,400.0915380500,tap,rctrl
050,510,400.6467055917,stimulus,
050,510,400.8268836381,tap,lctrl
050,511,401.3967581812,stimulus,
050,511,401.8512205543,tap,lctrl
050,512,402.1468165540,stimulus,
050,512,402.3629023291,tap,rctrl
050,513,402.8968659314,stimulus,
050,513,403.0034980267,tap,rctrl
050,514,403.6468944521,stimulus,
050,514,403.7554492481,tap,lctrl
050,515,404.3969488761,stimulus,
050,515,404.5229587827,tap,lctrl
050,516,405.1470083827,stimulus,
050,516,405.2905536992,tap,rctrl
050,517,405.8970607014,stimulus,
050,517,406.0912985272,tap,rctrl
050,518,406.6471080879,stimulus,
050,518,406.8110019149,tap,lctrl
050,519,407.3971443258,stimulus,
050,519,407.5785432925,tap,lctrl
050,520,408.1471868462,stimulus,
050,520,408.3304688272,tap,rctrl
050,521,408.8972269546,stimulus,
050,521,409.0345394760,tap,rctrl
050,522,409.6472677518,stimulus,
050,522,409.8030623285,tap,lctrl
050,523,410.3973308944,stimulus,
050,523,410.5227880135,tap,lctrl
050,524,411.1473561730,stimulus,
050,524,411.2591303273,tap,rctrl
050,525,411.8974224495,stimulus,
050,525,411.9944214561,tap,rctrl
050,526,412.6474744554,stimulus,
050,526,412.7473411422,tap,lctrl
050,527,413.3975421875,stimulus,
050,527,413.5627152285,tap,lctrl
050,528,414.1475931318,stimulus,
050,528,414.2824269710,tap,rctrl
050,529,414.8976426566,stimulus,
050,529,415.0665946733,tap,rctrl
050,530,415.6476902567,stimulus,
050,530,415.8350954570,tap,lctrl
050,531,416.3977451077,stimulus,
050,531,416.5225532605,tap,lctrl
050,532,417.1477942927,stimulus,
050,532,417.2588789310,tap,rctrl
050,533,417.8978283712,stimulus,
050,533,418.0586637394,tap,rctrl
050,534,418.6478852162,stimulus,
050,534,418.8105704143,tap,lctrl
050,535,419.3979329485,stimulus,
050,535,419.4824179206,tap,lctrl
050,536,420.1479959137,stimulus,
050,536,420.2509409054,tap,rctrl
050,537,420.8984652208,stimulus,
050,537,421.0185417497,tap,rctrl
050,538,421.6482921389,stimulus,
050,538,421.8026449178,tap,rctrl
050,539,422.3983244309,stimulus,
050,539,422.4266440645,tap,rctrl
050,540,423.1483549035,stimulus,
050,540,423.2264376277,tap,lctrl
050,541,423.8983973517,stimulus,
050,541,424.0262059342,tap,rctrl
050,542,424.6484433849,stimulus,
050,542,424.7947380586,tap,lctrl
050,543,425.3985176491,stimulus,
050,543,425.5623132672,tap,rctrl
050,544,426.1485729062,stimulus,
050,544,426.2829556192,tap,lctrl
050,545,426.8986242114,stimulus,
050,545,427.0661624359,tap,lctrl
050,546,427.6486660070,stimulus,
050,546,427.7702455868,tap,lctrl
050,547,428.3987312248,stimulus,
050,547,428.5700184555,tap,rctrl
050,548,429.1487854022,stimulus,
050,548,429.2740483141,tap,lctrl
050,549,429.8988413510,stimulus,
050,549,429.9625126687,tap,rctrl
050,550,430.6488867435,stimulus,
050,550,430.7300710024,tap,lctrl
050,551,431.3989356398,stimulus,
050,551,431.4663682313,tap,rctrl
050,552,432.1489871886,stimulus,
050,552,432.2661358159,tap,lctrl
050,553,432.8990518741,stimulus,
050,553,433.1460225139,tap,rctrl
050,554,433.6491088063,stimulus,
050,554,433.9946349914,tap,lctrl
050,555,434.3991649776,stimulus,
050,555,434.4740843547,tap,rctrl
050,556,435.1492424208,stimulus,
050,556,435.2738845163,tap,lctrl
050,557,435.8992832209,stimulus,
050,557,436.0269242844,tap,rctrl
050,558,436.6493443395,stimulus,
050,558,436.8900104651,tap,rctrl
050,559,437.3993916448,stimulus,
050,559,437.5618617068,tap,rctrl
050,560,438.1494406554,stimulus,
050,560,438.2503009551,tap,lctrl
050,561,438.8994989590,stimulus,
050,561,438.9866178137,tap,lctrl
050,562,439.6495350254,stimulus,
050,562,439.7541602288,tap,rctrl
050,563,440.3995819006,stimulus,
050,563,440.4582786362,tap,rctrl
050,564,441.1496229354,stimulus,
050,564,441.1623339831,tap,lctrl
050,565,441.8996864569,stimulus,
050,565,441.9620862477,tap,lctrl
050,566,442.6497146107,stimulus,
050,566,442.6984023153,tap,rctrl
050,567,443.3997665024,stimulus,
050,567,443.5782803849,tap,rctrl
050,568,444.1497971133,stimulus,
050,568,444.3458137024,tap,lctrl
050,569,444.8998394412,stimulus,
050,569,445.0499958080,tap,lctrl
050,570,445.6498913780,stimulus,
050,570,445.8340178377,tap,rctrl
050,571,446.3999239618,stimulus,
050,571,446.5703411293,tap,rctrl
050,572,447.1499926923,stimulus,
050,572,447.2901087715,tap,lctrl
050,573,447.9000499042,stimulus,
050,573,448.0419599526,tap,lctrl
050,574,448.6501109145,stimulus,
050,574,448.7460448809,tap,rctrl
050,575,449.4001663400,stimulus,
050,575,449.5458465461,tap,rctrl
050,576,450.1502043673,stimulus,
050,576,450.2020295999,tap,lctrl
050,577,450.9002451374,stimulus,
050,577,450.9383348226,tap,lctrl
050,578,451.6503008515,stimulus,
050,578,451.7859812566,tap,rctrl
050,579,452.4003551582,stimulus,
050,579,452.4578167572,tap,rctrl
050,580,453.1504157716,stimulus,
050,580,453.3220455648,tap,lctrl
050,581,456.6517763046,probe1,3
050,582,457.4145307299,stimulus,
050,582,457.7535853871,tap,lctrl
050,583,458.1645459906,stimulus,
050,583,458.4098318504,tap,lctrl
050,584,458.9146061889,stimulus,
050,584,459.1138552760,tap,lctrl
050,585,459.6646407727,stimulus,
050,585,459.8179649286,tap,rctrl
050,586,460.4146824089,stimulus,
050,586,460.5698567045,tap,rctrl
050,587,461.1647312029,stimulus,
050,587,461.2739342946,tap,lctrl
050,588,461.9147776150,stimulus,
050,588,462.1381816613,tap,lctrl
050,589,462.6648337623,stimulus,
050,589,462.7934153450,tap,rctrl
050,590,463.4148659370,stimulus,
050,590,463.5453588914,tap,rctrl
050,591,464.1649198317,stimulus,
050,591,464.2660044253,tap,rctrl
050,592,464.9149609446,stimulus,
050,592,465.0492017534,tap,lctrl
050,593,465.6650007463,stimulus,
050,593,465.7854897763,tap,rctrl
050,594,466.4150593807,stimulus,
050,594,466.5217741633,tap,lctrl
050,595,467.1651156032,stimulus,
050,595,467.2737132015,tap,rctrl
050,596,467.9151628002,stimulus,
050,596,468.0578836768,tap,lctrl
050,597,468.6652069597,stimulus,
050,597,468.7931883091,tap,rctrl
050,598,469.4152756421,stimulus,
050,598,469.5773497109,tap,lctrl
050,599,470.1653410915,stimulus,
050,599,470.3937637463,tap,lctrl
050,600,470.9154091784,stimulus,
050,600,471.0499482075,tap,rctrl
050,601,471.6654619873,stimulus,
050,601,471.8331194428,tap,lctrl
050,602,472.4155284562,stimulus,
050,602,472.5216066843,tap,rctrl
050,603,473.1655994062,stimulus,
050,603,473.2891636797,tap,rctrl
050,604,473.9156462153,stimulus,
050,604,474.0576705114,tap,lctrl
050,605,474.6656824862,stimulus,
050,605,474.7773688736,tap,lctrl
050,606,475.4157672676,stimulus,
050,606,475.5449352492,tap,rctrl
050,607,476.1657810186,stimulus,
050,607,476.2812151009,tap,rctrl
050,608,476.9158487416,stimulus,
050,608,477.0009293907,tap,lctrl
050,609,477.6659087444,stimulus,
050,609,477.7850653041,tap,lctrl
050,610,478.4159653428,stimulus,
050,610,478.5848610297,tap,rctrl
050,611,479.1660240945,stimulus,
050,611,479.2888969814,tap,rctrl
050,612,479.9165276958,stimulus,
050,612,479.9773952422,tap,lctrl
050,613,480.6661516068,stimulus,
050,613,480.8249901493,tap,lctrl
050,614,481.4162081511,stimulus,
050,614,481.6247690901,tap,rctrl
050,615,482.1662516640,stimulus,
050,615,482.3288534741,tap,rctrl
050,616,482.9163145029,stimulus,
050,616,483.0651479180,tap,lctrl
050,617,483.6663834198,stimulus,
050,617,483.8493060596,tap,lctrl
050,618,484.4164160968,stimulus,
050,618,484.6012489173,tap,lctrl
050,619,485.1664732546,stimulus,
050,619,485.3854162257,tap,lctrl
050,620,485.9165249959,stimulus,
050,620,486.1695702110,tap,rctrl
050,621,486.6665738411,stimulus,
050,621,486.8726610902,tap,rctrl
050,622,487.4166339131,stimulus,
050,622,487.5454624148,tap,lctrl
050,623,488.1667043247,stimulus,
050,623,488.3130347994,tap,lctrl
050,624,488.9167396092,stimulus,
050,624,489.1293900659,tap,rctrl
050,625,489.6667713599,stimulus,
050,625,489.8334723777,tap,rctrl
050,626,490.4168314139,stimulus,
050,626,490.6332524644,tap,lctrl
050,627,491.1668666592,stimulus,
050,627,491.3851475485,tap,lctrl
050,628,491.9169344724,stimulus,
050,628,492.0726383499,tap,lctrl
050,629,492.6669970918,stimulus,
050,629,492.7444796730,tap,rctrl
050,630,493.4170538856,stimulus,
050,630,493.6566164844,tap,rctrl
050,631,494.1671113291,stimulus,
050,631,494.3128154687,tap,rctrl
050,632,494.9171612750,stimulus,
050,632,494.9846619285,tap,lctrl
050,633,495.6672207786,stimulus,
050,633,495.7365749641,tap,lctrl
050,634,496.4172779634,stimulus,
050,634,496.4885021138,tap,rctrl
050,635,497.1673391362,stimulus,
050,635,497.3527666231,tap,rctrl
050,636,497.9173882039,stimulus,
050,636,498.1046406158,tap,lctrl
050,637,498.6674260356,stimulus,
050,637,498.8565963004,tap,lctrl
050,638,499.4174855092,stimulus,
050,638,499.5928919443,tap,lctrl
050,639,500.1675439662,stimulus,
050,639,500.3448526723,tap,rctrl
050,640,500.9176178154,stimulus,
050,640,501.1123620746,tap,rctrl
050,641,501.6676806272,stimulus,
050,641,501.8330840944,tap,rctrl
050,642,502.4177079780,stimulus,
050,642,502.6006157608,tap,lctrl
050,643,503.1677601914,stimulus,
050,643,503.2724654597,tap,lctrl
050,644,503.9178092742,stimulus,
050,644,504.0244080286,tap,lctrl
050,645,504.6678591058,stimulus,
050,645,504.7450765907,tap,rctrl
050,646,505.4179301430,stimulus,
050,646,505.4647575457,tap,rctrl
050,647,506.1679854151,stimulus,
050,647,506.2322929956,tap,rctrl
050,648,506.9180414240,stimulus,
050,648,506.9363795179,tap,lctrl
050,649,507.6680917939,stimulus,
050,649,507.7527741250,tap,lctrl
050,650,508.4181406842,stimulus,
050,650,508.5368901200,tap,lctrl
050,651,509.1681850181,stimulus,
050,651,509.2888445324,tap,rctrl
050,652,509.9182196800,stimulus,
050,652,509.9929130279,tap,rctrl
050,653,510.6682564050,stimulus,
050,653,510.6969922721,tap,rctrl
050,654,511.4183050336,stimulus,
050,654,511.4801548910,tap,lctrl
050,655,512.1683672680,stimulus,
050,655,512.2808925823,tap,lctrl
050,656,512.9184420947,stimulus,
050,656,513.0640899435,tap,lctrl
050,657,513.6684991682,stimulus,
050,657,513.7525570710,tap,rctrl
050,658,514.4185517697,stimulus,
050,658,514.5044805185,tap,rctrl
050,659,515.1685977697,stimulus,
050,659,515.2407715309,tap,rctrl
050,660,515.9186676311,stimulus,
050,660,516.0728236073,tap,lctrl
050,661,516.6687134447,stimulus,
050,661,516.7280415348,tap,lctrl
050,662,517.4187518208,stimulus,
050,662,517.5122109996,tap,lctrl
050,663,518.1688000043,stimulus,
050,663,518.3442196332,tap,rctrl
050,664,518.9188433969,stimulus,
050,664,519.1126976473,tap,lctrl
050,665,519.6693807599,stimulus,
050,665,519.9281258230,tap,rctrl
050,666,520.4189637785,stimulus,
050,666,520.6322067513,tap,rctrl
050,667,521.1690112221,stimulus,
050,667,521.3040138464,tap,lctrl
050,668,521.9190784399,stimulus,
050,668,522.0081473814,tap,lctrl
050,669,522.6691472426,stimulus,
050,669,522.7444204632,tap,rctrl
050,670,523.4191761663,stimulus,
050,670,523.5119953139,tap,rctrl
050,671,526.8328988009,probe1,1
050,672,527.5956505525,stimulus,
050,672,527.6241258917,tap,lctrl
050,673,528.3456641291,stimulus,
050,673,528.4405504894,tap,lctrl
050,674,529.0956964662,stimulus,
050,674,529.1759125523,tap,lctrl
050,675,529.8457478045,stimulus,
050,675,529.9599901780,tap,rctrl
050,676,530.5958009143,stimulus,
050,676,530.7285251536,tap,rctrl
050,677,531.3458599728,stimulus,
050,677,531.4003534332,tap,lctrl
050,678,532.0959245500,stimulus,
050,678,532.2636023329,tap,rctrl
050,679,532.8459757920,stimulus,
050,679,532.9676838207,tap,lctrl
050,680,533.5960405828,stimulus,
050,680,533.7362442905,tap,lctrl
050,681,534.3461044321,stimulus,
050,681,534.3758372896,tap,rctrl
050,682,535.0961439150,stimulus,
050,682,535.2400749242,tap,rctrl
050,683,535.8462146064,stimulus,
050,683,536.0076370382,tap,lctrl
050,684,536.5962462849,stimulus,
050,684,536.7761489074,tap,lctrl
050,685,537.3462906189,stimulus,
050,685,537.4636062899,tap,rctrl
050,686,538.0963397437,stimulus,
050,686,538.2155763772,tap,rctrl
050,687,538.8464038667,stimulus,
050,687,538.9997249641,tap,rctrl
050,688,539.5964435752,stimulus,
050,688,539.8317450682,tap,lctrl
050,689,540.3464909617,stimulus,
050,689,540.4556972864,tap,lctrl
050,690,541.0965478277,stimulus,
050,690,541.2076382644,tap,lctrl
050,691,541.8465850310,stimulus,
050,691,541.9595620879,tap,rctrl
050,692,542.5966241048,stimulus,
050,692,542.7593718523,tap,rctrl
050,693,543.3471418382,stimulus,
050,693,543.5122628049,tap,rctrl
050,694,544.0967269980,stimulus,
050,694,544.2475570736,tap,lctrl
050,695,544.8467747875,stimulus,
050,695,545.0473332927,tap,lctrl
050,696,545.5968188628,stimulus,
050,696,545.7836857627,tap,rctrl
050,697,546.3468713590,stimulus,
050,697,546.5355785520,tap,lctrl
050,698,547.0969260236,stimulus,
050,698,547.2552457900,tap,rctrl
050,699,547.8469853016,stimulus,
050,699,547.9437248241,tap,lctrl
050,700,548.5970552622,stimulus,
050,700,548.7112788781,tap,rctrl
050,701,549.3470958428,stimulus,
050,701,549.4632100939,tap,lctrl
050,702,550.0971348235,stimulus,
050,702,550.1838811672,tap,rctrl
050,703,550.8471925376,stimulus,
050,703,550.8879598159,tap,lctrl
050,704,551.5972523600,stimulus,
050,704,551.8313033422,tap,lctrl
050,705,552.3472995751,stimulus,
050,705,552.5031263046,tap,lctrl
050,706,553.0973703296,stimulus,
050,706,553.2394288897,tap,lctrl
050,707,553.8474086306,stimulus,
050,707,554.0235964387,tap,rctrl
050,708,554.5974583298,stimulus,
050,708,554.7432638962,tap,rctrl
050,709,555.3475103027,stimulus,
050,709,555.4952170004,tap,lctrl
050,710,556.0976210385,stimulus,
050,710,556.2158588531,tap,rctrl
050,710,556.8232869493,tap,lctrl
050,711,556.8476722716,stimulus,
050,712,557.5977319947,stimulus,
050,712,557.7031767119,tap,lctrl
050,713,558.3477663379,stimulus,
050,713,558.4072279145,tap,lctrl
050,714,559.0978194416,stimulus,
050,714,559.1757463850,tap,lctrl
050,715,559.8478617064,stimulus,
050,715,559.9911673608,tap,lctrl
050,716,560.5979010870,stimulus,
050,716,560.6952554259,tap,rctrl
050,717,561.3479417879,stimulus,
050,717,561.4950378915,tap,rctrl
050,718,562.0980031892,stimulus,
050,718,562.2957798474,tap,rctrl
050,719,562.8480502449,stimulus,
050,719,562.9832651843,tap,rctrl
050,720,563.5981268339,stimulus,
050,720,563.7673911340,tap,lctrl
050,721,564.3481681243,stimulus,
050,721,564.4870946721,tap,rctrl
050,722,565.0982493087,stimulus,
050,722,565.2868393037,tap,rctrl
050,723,565.8482963403,stimulus,
050,723,565.9753297331,tap,lctrl
050,724,566.5983578529,stimulus,
050,724,566.5993772189,tap,rctrl
050,725,567.3484296450,stimulus,
050,725,567.4635623401,tap,rctrl
050,726,568.0984769624,stimulus,
050,726,568.2476915830,tap,rctrl
050,727,568.8485091822,stimulus,
050,727,568.9507833975,tap,lctrl
050,728,569.5985639491,stimulus,
050,728,569.7193020004,tap,lctrl
050,729,570.3486088905,stimulus,
050,729,570.4390078993,tap,lctrl
050,730,571.0986592514,stimulus,
050,730,571.2075505770,tap,rctrl
050,731,571.8486955494,stimulus,
050,731,571.9429081017,tap,lctrl
050,732,572.5987326263,stimulus,
050,732,572.7114017546,tap,rctrl
050,733,573.3487829240,stimulus,
050,733,573.5267969384,tap,lctrl
050,734,574.0988225603,stimulus,
050,734,574.1508069180,tap,rctrl
050,735,574.8488718114,stimulus,
050,735,574.9505721689,tap,lctrl
050,736,575.5989522681,stimulus,
050,736,575.7347866224,tap,rctrl
050,737,576.3490024455,stimulus,
050,737,576.4866873996,tap,lctrl
050,738,577.0990437419,stimulus,
050,738,577.1907473569,tap,rctrl
050,739,577.8491058530,stimulus,
050,739,577.9593050749,tap,lctrl
050,740,578.5991581627,stimulus,
050,740,578.6790074280,tap,rctrl
050,741,579.3491936968,stimulus,
050,741,579.4631563939,tap,lctrl
050,742,580.0992451975,stimulus,
050,742,580.2150497667,tap,rctrl
050,743,580.8492979554,stimulus,
050,743,580.9347399727,tap,lctrl
050,744,581.5993389209,stimulus,
050,744,581.7990145630,tap,rctrl
050,745,582.3493998110,stimulus,
050,745,582.5353181617,tap,lctrl
050,746,583.0994401690,stimulus,
050,746,583.2071463421,tap,lctrl
050,747,583.8494930923,stimulus,
050,747,583.9912720001,tap,rctrl
050,748,584.5995429148,stimulus,
050,748,584.8232773465,tap,lctrl
050,749,585.3495851315,stimulus,
050,749,585.5107523467,tap,rctrl
050,750,586.0996203799,stimulus,
050,750,586.2470464297,tap,rctrl
050,751,586.8496603049,stimulus,
050,751,586.9989935490,tap,lctrl
050,752,587.5997052644,stimulus,
050,752,587.7343043918,tap,rctrl
050,753,588.3497500975,stimulus,
050,753,588.5028277946,tap,lctrl
050,754,589.0998238685,stimulus,
050,754,589.2068932435,tap,lctrl
050,755,589.8498831346,stimulus,
050,755,590.0066982621,tap,rctrl
050,756,590.6000068867,stimulus,
050,756,590.6629582259,tap,lctrl
050,757,591.3500286345,stimulus,
050,757,591.5427929969,tap,lctrl
050,758,592.1000702046,stimulus,
050,758,592.2302562199,tap,rctrl
050,759,592.8501378735,stimulus,
050,759,593.0622747330,tap,rctrl
050,760,593.6002041378,stimulus,
050,760,593.7663577726,tap,lctrl
050,761,594.3502685165,stimulus,
050,761,594.4548095560,tap,rctrl
050,762,595.1003103904,stimulus,
050,762,595.2389431116,tap,rctrl
050,763,595.8508482106,stimulus,
050,763,596.0064961040,tap,lctrl
050,764,596.6004294036,stimulus,
050,764,596.6949591143,tap,rctrl
050,765,597.3504910635,stimulus,
050,765,597.4625159593,tap,lctrl
050,766,598.1005428710,stimulus,
050,766,598.1987753843,tap,rctrl
050,767,598.8506051114,stimulus,
050,767,598.9829552128,tap,lctrl
050,768,599.6006681698,stimulus,
050,768,599.7026568141,tap,rctrl
050,769,600.3507054061,stimulus,
050,769,600.4223421630,tap,rctrl
050,770,604.2901366993,probe1,2
050,771,605.0519157879,stimulus,
050,771,605.0521968237,tap,lctrl
050,772,605.8019319389,stimulus,
050,772,605.9260705964,tap,lctrl
050,773,606.5519721075,stimulus,
050,773,606.6301632870,tap,lctrl
050,774,607.3020256292,stimulus,
050,774,607.4464976336,tap,lctrl
050,775,608.0520961010,stimulus,
050,775,608.1818576033,tap,rctrl
050,776,608.8026393076,stimulus,
050,776,608.9503939653,tap,rctrl
050,777,609.5521875568,stimulus,
050,777,609.7345430094,tap,lctrl
050,778,610.3022412710,stimulus,
050,778,610.5020659963,tap,lctrl
050,779,611.0522952980,stimulus,
050,779,611.2706009267,tap,rctrl
050,780,611.8023325795,stimulus,
050,780,611.9580813404,tap,lctrl
050,781,612.5524004137,stimulus,
050,781,612.7266169866,tap,rctrl
050,782,613.3024572918,stimulus,
050,782,613.4619380036,tap,lctrl
050,783,614.0525233367,stimulus,
050,783,614.2138601098,tap,rctrl
050,784,614.8025759712,stimulus,
050,784,614.9501827126,tap,lctrl
050,785,615.5526352101,stimulus,
050,785,615.7342929544,tap,rctrl
050,786,616.3027003587,stimulus,
050,786,616.4540261009,tap,lctrl
050,787,617.0527445934,stimulus,
050,787,617.2225015617,tap,rctrl
050,788,617.8028008640,stimulus,
050,788,617.8777988232,tap,lctrl
050,789,618.5528390447,stimulus,
050,789,618.6775522397,tap,rctrl
050,790,619.3028798328,stimulus,
050,790,619.3982333550,tap,lctrl
050,791,620.0529386838,stimulus,
050,791,620.2624872479,tap,rctrl
050,792,620.8029894687,stimulus,
050,792,620.9656046861,tap,rctrl
050,793,621.5530382898,stimulus,
050,793,621.7175188405,tap,lctrl
050,794,622.3030777426,stimulus,
050,794,622.5016807535,tap,lctrl
050,795,623.0531162872,stimulus,
050,795,623.2222985916,tap,rctrl
050,796,623.8031891108,stimulus,
050,796,623.9420932048,tap,rctrl
050,797,624.5532244133,stimulus,
050,797,624.6461143508,tap,rctrl
050,798,625.3032564768,stimulus,
050,798,625.4302704293,tap,lctrl
050,799,626.0533193127,stimulus,
050,799,626.1499521031,tap,lctrl
